% # columns="iteration, evaluation, sigma, max axis length,  min axis length, all principal axes lengths  (sorted square roots of eigenvalues of C)", seed=285079, Sat Sep  6 14:53:54 2025
1 8 13.745932791631896 1.0000375007031337 1.0 1.0 1.0000125000781253 1.0000250003125026 1.0000375007031337
2 16 12.294980479915179 1.0139773758378268 0.9015134458649373 0.9015134458649373 0.9485601800708369 0.9969271707970201 1.0139773758378268
3 24 10.07138954683646 1.0044074378234993 0.7732159576466915 0.7732159576466915 0.941740576990014 0.990039993074711 1.0044074378234993
4 32 9.817987610603753 0.9918570233738184 0.6527830580093203 0.6527830580093203 0.8833067717761665 0.9550211802644959 0.9918570233738184
5 40 10.689415121458676 0.9779900266581606 0.6296205429026998 0.6296205429026998 0.8346452897838723 0.9518471165334975 0.9779900266581606
6 48 8.961432797461345 1.0577104851556836 0.550474493247347 0.550474493247347 0.8427276706432723 0.9497673992450661 1.0577104851556836
7 56 10.22840845955095 0.9581892972084126 0.5400667554971696 0.5400667554971696 0.7396699873006967 0.9557816983043429 0.9581892972084126
8 64 9.884844771635812 1.0457253492878094 0.5436201522806912 0.5436201522806912 0.769178111570581 0.9507033287872395 1.0457253492878094
9 72 8.55384586395276 0.9916980576591232 0.5502575382391418 0.5502575382391418 0.7226906673912634 0.8922218442832964 0.9916980576591232
10 80 7.747905901525921 0.9587665019618858 0.4846308268624817 0.4846308268624817 0.7478676857029648 0.875245338433497 0.9587665019618858
11 88 6.087085324284798 0.9964274758903888 0.4360090505365633 0.4360090505365633 0.6996572843246491 0.8853032469518917 0.9964274758903888
12 96 5.251466732409766 0.9693342262830613 0.42035279501292727 0.42035279501292727 0.671255313297325 0.7890124595946881 0.9693342262830613
13 104 5.691938180458072 0.9569764345701589 0.39830530527783786 0.39830530527783786 0.6394813146426184 0.7601492209107004 0.9569764345701589
14 112 6.194894721225609 0.9170899322413718 0.36335822286907166 0.36335822286907166 0.5917350587492011 0.8948195363525653 0.9170899322413718
15 120 5.428538201499026 0.9093706173550579 0.40076063611921114 0.40076063611921114 0.537419300829753 0.8568405633193744 0.9093706173550579
16 128 5.029233785721035 0.8810410088121959 0.39464611215087925 0.39464611215087925 0.5123470490746477 0.7703312793073913 0.8810410088121959
17 136 4.3035965417841835 0.8740271669503148 0.3534030738715722 0.3534030738715722 0.5169774304889823 0.7547818733931465 0.8740271669503148
18 144 4.363789304724127 0.889577915022378 0.33594764759861956 0.33594764759861956 0.46726738945477386 0.7298595610655246 0.889577915022378
19 152 4.237587488451147 0.8216818579920481 0.3351052228774574 0.3351052228774574 0.4938328289462338 0.7102961902042011 0.8216818579920481
20 160 4.63942939331828 0.8361343378383929 0.3295798158047557 0.3295798158047557 0.4427700292352445 0.7152626706920024 0.8361343378383929
21 168 4.613963329374131 0.8357296784806815 0.3623628967589131 0.3623628967589131 0.44508059755822543 0.6541993147735651 0.8357296784806815
22 176 4.728350221948548 0.8172418195304062 0.38294079955470917 0.38294079955470917 0.42517850938845503 0.6381829301256152 0.8172418195304062
23 184 4.998379392096115 0.7869979436405069 0.39109441297493747 0.39109441297493747 0.4226660021283321 0.6144014101496214 0.7869979436405069
24 192 4.639040127784866 0.7621633740649618 0.3490572838945142 0.3490572838945142 0.4374517210433333 0.6464150546149993 0.7621633740649618
25 200 4.468210366702021 0.7699143731965679 0.33497277751488796 0.33497277751488796 0.4023813662352875 0.6102868582670322 0.7699143731965679
26 208 3.9944643069145234 0.8106024247014229 0.2970360154006645 0.2970360154006645 0.38475871908056025 0.5904633966817919 0.8106024247014229
27 216 4.196778449087478 0.764132659717693 0.27472811269964664 0.27472811269964664 0.4077730031334507 0.5602407265561044 0.764132659717693
28 224 4.261889293197484 0.7840706154031504 0.27866613058336864 0.27866613058336864 0.40723639477819973 0.5154914457890556 0.7840706154031504
29 232 5.347313051944832 0.7895221755740673 0.269633480143187 0.269633480143187 0.386618724655024 0.5029094674031269 0.7895221755740673
30 240 5.737339250382556 0.8049941099062128 0.3108358715016447 0.3108358715016447 0.3836557363378837 0.5044520565244545 0.8049941099062128
31 248 5.459726506426015 0.8166711023807414 0.28981034426784236 0.28981034426784236 0.3830897584909803 0.5110379422871827 0.8166711023807414
32 256 6.448878308012019 0.8109366616023479 0.2546861534400747 0.2546861534400747 0.3690498193239102 0.5083571746029298 0.8109366616023479
33 264 6.752908893664947 0.7901330242281319 0.23590086536992225 0.23590086536992225 0.4256966841594389 0.4982401958219148 0.7901330242281319
34 272 6.491485811844375 0.7893485998298025 0.21018224980870698 0.21018224980870698 0.4104352554559835 0.5243144861387669 0.7893485998298025
35 280 6.487427457237539 0.7643441579628752 0.21246597954483878 0.21246597954483878 0.37629239467065595 0.5281938342625497 0.7643441579628752
36 288 6.1268632604679 0.8223131289545641 0.19792773153753063 0.19792773153753063 0.34867175880896245 0.5267914112020698 0.8223131289545641
37 296 6.273327636155763 0.8199747836023251 0.19415281208716717 0.19415281208716717 0.3263502166212987 0.5539546585337072 0.8199747836023251
38 304 5.817956220970045 0.8049127723708157 0.2046092322813428 0.2046092322813428 0.29656160034192025 0.5625884156300585 0.8049127723708157
39 312 5.408268920247049 0.7846174477845766 0.18642255987808712 0.18642255987808712 0.2874158971416798 0.5512504254164585 0.7846174477845766
40 320 4.864548181333686 0.8060727263921202 0.1753568379494357 0.1753568379494357 0.25926131693218835 0.5687285589087218 0.8060727263921202
41 328 4.472286905821528 0.7428446370160793 0.18827062685799256 0.18827062685799256 0.2343511258570578 0.5648953291644243 0.7428446370160793
42 336 4.067712419274364 0.7085321122041371 0.18068637485670064 0.18068637485670064 0.2354299827778748 0.5857790806365908 0.7085321122041371
43 344 4.036618489997958 0.7602607558341118 0.15323769770994008 0.15323769770994008 0.23220147511336367 0.5631171596565592 0.7602607558341118
44 352 4.231530450200936 0.7898869248426533 0.14550741592459862 0.14550741592459862 0.2288669935522347 0.531696395771355 0.7898869248426533
45 360 4.914585702097489 0.9188157253144219 0.13472814574853645 0.13472814574853645 0.22285430397585107 0.517453985510639 0.9188157253144219
46 368 7.161855407900353 0.9331157515421507 0.13012140249918938 0.13012140249918938 0.22705457534556106 0.5545844532143603 0.9331157515421507
47 376 8.62923239342883 1.0092675842614802 0.11728232524421622 0.11728232524421622 0.23822319325804095 0.5529442493258457 1.0092675842614802
48 384 7.029701416317626 0.9895234109955501 0.10235145355509245 0.10235145355509245 0.23198666859900097 0.5675191488752679 0.9895234109955501
49 392 6.5576784984835195 0.9293418670312857 0.10242485027861084 0.10242485027861084 0.21451589320134112 0.555268692928247 0.9293418670312857
50 400 7.207077046999111 1.0506974488900842 0.09494672159699906 0.09494672159699906 0.1874181229100412 0.5453782236513367 1.0506974488900842
51 408 6.37034829253292 1.0660414319905505 0.09638934082114517 0.09638934082114517 0.18862043027065545 0.543723780846442 1.0660414319905505
52 416 6.085734646063055 1.0377406682112402 0.08781977437037328 0.08781977437037328 0.18494240850049237 0.5517443317001652 1.0377406682112402
53 424 5.807154193068698 1.010295940239365 0.08579842508795205 0.08579842508795205 0.1587187464160133 0.5649577166293958 1.010295940239365
54 432 5.018848673258023 1.0107710277625392 0.08281952863246522 0.08281952863246522 0.15773291823347316 0.5125149309565973 1.0107710277625392
55 440 5.161249204893831 0.999921588779141 0.07358522410581322 0.07358522410581322 0.1573559580555788 0.5318432278089419 0.999921588779141
56 448 4.798460460248183 1.019443564692161 0.06905814876488624 0.06905814876488624 0.16395033271112616 0.5199013282251339 1.019443564692161
57 456 4.377518692067089 0.9970199972558675 0.06411258182521506 0.06411258182521506 0.15591588607299625 0.5706429146845501 0.9970199972558675
58 464 4.195066362362602 0.9466389066242371 0.065180126444685 0.065180126444685 0.14036957285159574 0.5688847576139291 0.9466389066242371
59 472 4.1832368519265755 0.9475561632447997 0.05438045895430256 0.05438045895430256 0.1418105426147438 0.5626483136580918 0.9475561632447997
60 480 4.66329072623613 0.9580661913279563 0.051425139876951145 0.051425139876951145 0.13741907697697697 0.5775127226077981 0.9580661913279563
61 488 4.467696557659312 0.9746051532880236 0.04788851131260168 0.04788851131260168 0.13431780395499063 0.6536314486129593 0.9746051532880236
62 496 4.983118875981844 1.0228266632510752 0.04697012376672656 0.04697012376672656 0.12051159400320596 0.6314474326939467 1.0228266632510752
63 504 5.527238984637894 1.0559058833899264 0.046631317329449654 0.046631317329449654 0.11948923264567235 0.6495374942398726 1.0559058833899264
64 512 5.338383365179012 1.0525440772286392 0.04672289936942939 0.04672289936942939 0.12693087823349916 0.6280407281834949 1.0525440772286392
65 520 5.413535651238595 1.0575985330476798 0.046435158098280485 0.046435158098280485 0.11502129140820994 0.6183192002371576 1.0575985330476798
66 528 6.19732798029925 1.0871275056223533 0.039826884707957165 0.039826884707957165 0.12246564662426315 0.6257361493587071 1.0871275056223533
67 536 7.424220321606317 1.0025767638578083 0.03951220927920825 0.03951220927920825 0.13095893164875033 0.6624444095527311 1.0025767638578083
68 544 8.74828802393792 0.9427527898766267 0.04777358338568977 0.04777358338568977 0.12053805973293684 0.6475925379102164 0.9427527898766267
69 552 9.895127829931395 0.940439933448691 0.05085981886092601 0.05085981886092601 0.11916367569349136 0.6283254499779714 0.940439933448691
70 560 9.940335710245884 0.9636654883497773 0.05703526605460701 0.05703526605460701 0.11950449542411402 0.6329762017374174 0.9636654883497773
71 568 10.350621321003413 0.9773596608200514 0.04957004991784361 0.04957004991784361 0.11740695487424951 0.6221910906841073 0.9773596608200514
72 576 10.059964036066333 0.9296143322640835 0.055368788277415946 0.055368788277415946 0.10824197728523624 0.6246859096140964 0.9296143322640835
73 584 9.14198101016193 0.949640854431223 0.056511853199158725 0.056511853199158725 0.11184001031037247 0.5821294759064332 0.949640854431223
74 592 9.052499979274723 0.9986847067388189 0.05143446164001854 0.05143446164001854 0.10241791796857683 0.5596403289405888 0.9986847067388189
75 600 9.712007846917947 0.9904669916757709 0.05563826572369177 0.05563826572369177 0.09906111710389207 0.5375147386570992 0.9904669916757709
76 608 13.380171780539538 0.9900615174844944 0.062210127166927524 0.062210127166927524 0.08879627425781009 0.531755406488588 0.9900615174844944
77 616 18.87210155530237 1.006992867644555 0.06179503824303437 0.06179503824303437 0.08906446280358471 0.5365680165374324 1.006992867644555
78 624 33.08442936943149 1.03236918768521 0.07045961543701908 0.07045961543701908 0.09107177246796215 0.5271398475146106 1.03236918768521
79 632 56.294340918009055 1.0531117626951547 0.08157172006833854 0.08157172006833854 0.08744914951918584 0.5159929980566015 1.0531117626951547
80 640 97.09726448664746 1.0793265250383548 0.0772090325663282 0.0772090325663282 0.09178311860536081 0.5304968793337331 1.0793265250383548
81 648 97.81184481968695 1.1047085382181738 0.07505338293285853 0.07505338293285853 0.09449496661735911 0.519561801668911 1.1047085382181738
82 656 78.67719308258006 1.10352371494239 0.06529241501198299 0.06529241501198299 0.0900603166077503 0.5054835125316538 1.10352371494239
83 664 74.24810543346513 1.1029590548015045 0.052052111074934196 0.052052111074934196 0.0914682680520893 0.5030949679093035 1.1029590548015045
84 672 61.682910645233335 1.1032205686514278 0.04294014486880005 0.04294014486880005 0.08876255430691178 0.49715199553680506 1.1032205686514278
85 680 48.11429803583919 1.1010324753745373 0.035678182873369345 0.035678182873369345 0.0830017678399425 0.4913686958703435 1.1010324753745373
86 688 46.91392864648356 1.0988986371285783 0.025459791129254842 0.025459791129254842 0.0826277798702911 0.49076044322580786 1.0988986371285783
87 696 39.25601057245244 1.099638179568768 0.02503466763019024 0.02503466763019024 0.08326455423494866 0.4893618088352412 1.099638179568768
88 704 36.02944833002522 1.1003975160272823 0.025298686805073696 0.025298686805073696 0.07018503731386518 0.4858659558466575 1.1003975160272823
89 712 27.948832903637275 1.0988661462049925 0.02257405793002116 0.02257405793002116 0.06938935909889153 0.4831339950141172 1.0988661462049925
90 720 22.92538937694923 1.0969135285364247 0.021042647937938804 0.021042647937938804 0.060616356344110174 0.48114890943885796 1.0969135285364247
91 728 19.47543386035532 1.0963491692366123 0.017467778276323256 0.017467778276323256 0.05681749755653431 0.47972563761687076 1.0963491692366123
92 736 18.652067037189934 1.082804140202509 0.016889109789221694 0.016889109789221694 0.04853359849831983 0.46668393104046674 1.082804140202509
93 744 16.33655821340673 1.0829359747483693 0.012146143804916059 0.012146143804916059 0.056413935019833356 0.4681585965640886 1.0829359747483693
94 752 12.820631516292229 1.0770794441802816 0.009602151181169073 0.009602151181169073 0.06309353476127673 0.4646782470773711 1.0770794441802816
95 760 10.729794097204469 1.0699118705576751 0.007964648843801263 0.007964648843801263 0.06130115528899456 0.45437711898017513 1.0699118705576751
96 768 8.208038583538396 1.0584765601055601 0.007488879972639544 0.007488879972639544 0.057102957450399325 0.4480011110660524 1.0584765601055601
97 776 7.06870063022934 0.9980511318198116 0.0072325202556290805 0.0072325202556290805 0.05151625747795719 0.43877032945111955 0.9980511318198116
98 784 5.702516016315096 0.9975333581582426 0.006419410065486888 0.006419410065486888 0.05793279363332481 0.41019186737244034 0.9975333581582426
99 792 6.416214235119055 0.9084984673736163 0.006216401846881794 0.006216401846881794 0.0546123945791969 0.4015774586709233 0.9084984673736163
100 800 6.1125995092834025 0.8242522118081808 0.0060159977594435666 0.0060159977594435666 0.06923738935980736 0.3950869769144936 0.8242522118081808
101 808 7.546895493719244 0.7519298296920217 0.005762454178569935 0.005762454178569935 0.06509559845974897 0.38681610753790324 0.7519298296920217
102 816 7.648059305829877 0.7142442126109473 0.007014805912543792 0.007014805912543792 0.0694643115892193 0.37716304366286446 0.7142442126109473
103 824 6.774470537618306 0.6995498766322 0.007793697705353659 0.007793697705353659 0.07335269941260501 0.360003163912396 0.6995498766322
104 832 5.155104040165927 0.6840699008491627 0.006909244510473248 0.006909244510473248 0.07518631526738083 0.35520188354083043 0.6840699008491627
105 840 4.378094957638459 0.657291849583328 0.006075521024577881 0.006075521024577881 0.06902067068323395 0.3493369430252192 0.657291849583328
106 848 3.949082337216916 0.6391341464957425 0.0060116314892993215 0.0060116314892993215 0.06235897536127112 0.34302899265418557 0.6391341464957425
107 856 3.8913955311451955 0.6189843734807522 0.005478554711403581 0.005478554711403581 0.06102861645918359 0.33914671539277474 0.6189843734807522
108 864 3.4898011737259225 0.6166138000659525 0.0052077911033627826 0.0052077911033627826 0.05868572729003976 0.3358103388122248 0.6166138000659525
109 872 3.883922718849034 0.6096101811031671 0.005651145853619321 0.005651145853619321 0.05763828970139372 0.293853242966217 0.6096101811031671
110 880 3.2218835510792743 0.6121231185135426 0.005805119044772878 0.005805119044772878 0.06785104564304993 0.2771182965960226 0.6121231185135426
111 888 2.8368782310584524 0.6150808325430929 0.005250647562017612 0.005250647562017612 0.07441082177487475 0.27147290447867817 0.6150808325430929
112 896 2.728071692044571 0.599461881941989 0.005252843095058055 0.005252843095058055 0.08317615157910178 0.2358570235345282 0.599461881941989
113 904 2.3528037909489483 0.5481783734905807 0.004972751635534687 0.004972751635534687 0.08499353253373265 0.23871435711109867 0.5481783734905807
114 912 2.5878063361024224 0.5037764359254204 0.004922400834972426 0.004922400834972426 0.08033108750115069 0.22279358240362296 0.5037764359254204
115 920 2.7838712985615586 0.48525144134837483 0.005261881636427746 0.005261881636427746 0.08716110946543275 0.20867139462851336 0.48525144134837483
116 928 2.851776894899884 0.4829596154084826 0.005385866264394499 0.005385866264394499 0.09260884421627004 0.1977721375423521 0.4829596154084826
117 936 2.809483007828142 0.4713152119232974 0.005145048826323037 0.005145048826323037 0.09833316607985056 0.195357370913636 0.4713152119232974
118 944 3.045409516208565 0.46939913876095496 0.005609061411056532 0.005609061411056532 0.09701591310581116 0.15811994536748558 0.46939913876095496
119 952 3.4334965484319064 0.43502199134529757 0.0056440552219883845 0.0056440552219883845 0.1040225207975371 0.15515324820334367 0.43502199134529757
120 960 2.651757435524069 0.42191377237712585 0.006089870490076398 0.006089870490076398 0.10379836125945914 0.14724216033081178 0.42191377237712585
121 968 2.4652775897267185 0.39953494070158274 0.005494518029549633 0.005494518029549633 0.10222881159769269 0.14433952352538612 0.39953494070158274
122 976 2.1741836816659417 0.39103304345742246 0.005505560014500367 0.005505560014500367 0.09940478951554056 0.13367655297165354 0.39103304345742246
123 984 2.870386340704456 0.38052922932760413 0.005698754299196253 0.005698754299196253 0.08435272723511994 0.13444854290890135 0.38052922932760413
124 992 3.0942754698372568 0.3593704148804871 0.006278012160897676 0.006278012160897676 0.08264151710625292 0.13588446669691595 0.3593704148804871
125 1000 3.955384289100826 0.3626828529829843 0.006705631771190887 0.006705631771190887 0.08216129057021446 0.13014213707205777 0.3626828529829843
126 1008 4.166132699260541 0.3892690547323504 0.006052144210182969 0.006052144210182969 0.08555877080764984 0.13818149826835904 0.3892690547323504
127 1016 3.879683537030836 0.3903283499618125 0.006349798546428638 0.006349798546428638 0.08152338626309998 0.12603794669584692 0.3903283499618125
128 1024 4.465626809293291 0.3753674410316044 0.006844067787534894 0.006844067787534894 0.07915110645572893 0.11678811458045185 0.3753674410316044
129 1032 4.059909871991241 0.34844252462279696 0.008451776384559162 0.008451776384559162 0.07510925105034111 0.12090516824718228 0.34844252462279696
130 1040 3.4418438305912584 0.3502378818576519 0.008058146269646555 0.008058146269646555 0.07671897470733939 0.1133095032141609 0.3502378818576519
131 1048 3.0876742411969116 0.3629954515605584 0.007278151814644295 0.007278151814644295 0.06735491362582574 0.11446131989723979 0.3629954515605584
132 1056 3.1020770048568536 0.338321758179533 0.007295553921064128 0.007295553921064128 0.06683012350396547 0.10099133220347131 0.338321758179533
133 1064 2.7615440106665097 0.30862108429902896 0.006962972578069422 0.006962972578069422 0.06845575623409694 0.10403500976874676 0.30862108429902896
134 1072 3.381294848616614 0.3004498428265974 0.006545895610156179 0.006545895610156179 0.0643209826457029 0.10181318040404493 0.3004498428265974
135 1080 3.394534541656186 0.2999916608668581 0.008411914468119073 0.008411914468119073 0.0628263536405478 0.0951514679922205 0.2999916608668581
136 1088 3.0644389678421518 0.31509817770437565 0.008371001573347662 0.008371001573347662 0.05793768256020545 0.08813975976570165 0.31509817770437565
137 1096 2.7414684894630934 0.3076742506914066 0.008056069035144565 0.008056069035144565 0.052311049493495014 0.08706666376990427 0.3076742506914066
138 1104 2.4813490028403358 0.2856982985326136 0.0078890921980434 0.0078890921980434 0.046385410356884184 0.08687918525075339 0.2856982985326136
139 1112 2.141526205366256 0.27878641216277067 0.007771675206640488 0.007771675206640488 0.04229298041111586 0.08152103012614735 0.27878641216277067
140 1120 2.0000178456214113 0.2766591271981394 0.007479175181127782 0.007479175181127782 0.03504813329963708 0.08436815661112737 0.2766591271981394
141 1128 1.8169895942790466 0.27065928118163946 0.006792977255898075 0.006792977255898075 0.0342645095179511 0.08621425503101009 0.27065928118163946
142 1136 1.3858854374455682 0.26303498440081624 0.006602938711921161 0.006602938711921161 0.03133532981801344 0.08444930026021456 0.26303498440081624
143 1144 1.432174126685465 0.2568668930538049 0.006241670556469609 0.006241670556469609 0.02985949889613148 0.07586114587792177 0.2568668930538049
144 1152 1.4578528956943517 0.27186165054838113 0.006061477774435983 0.006061477774435983 0.02830923017694702 0.07444745943601504 0.27186165054838113
145 1160 1.770271453448755 0.2452572656254627 0.006407697818719144 0.006407697818719144 0.026537966919029723 0.07343996905397433 0.2452572656254627
146 1168 1.8223682346266328 0.2406169439281699 0.006678345972738775 0.006678345972738775 0.026960347905955556 0.07113521262416948 0.2406169439281699
147 1176 1.9699797491737332 0.23414495231828844 0.006644486254157912 0.006644486254157912 0.024332654256765215 0.06974433301310806 0.23414495231828844
148 1184 2.9256743057687937 0.23223871391701706 0.007317037121254677 0.007317037121254677 0.021636098751468505 0.06942424519199716 0.23223871391701706
149 1192 3.670163427062071 0.24124718720683905 0.008069883059756805 0.008069883059756805 0.019114424995855674 0.07086840630665257 0.24124718720683905
150 1200 3.482801548254457 0.24000441793221924 0.008069011738604378 0.008069011738604378 0.017340995107714093 0.06702392613653374 0.24000441793221924
151 1208 3.7608684321226376 0.23782966366911656 0.007341855569836298 0.007341855569836298 0.015611345484175707 0.0658586675471888 0.23782966366911656
152 1216 3.677078402334022 0.26444312338109877 0.007245376376933564 0.007245376376933564 0.014468543924808086 0.0618778756483917 0.26444312338109877
153 1224 4.167578530746909 0.26137888595199055 0.007537944416804658 0.007537944416804658 0.01233344245902392 0.05981321630444469 0.26137888595199055
154 1232 4.3929420010342195 0.26169955291913005 0.008298528176968946 0.008298528176968946 0.011920000373156938 0.05575063024247819 0.26169955291913005
155 1240 4.423074054941561 0.25496469983708625 0.008577027107765168 0.008577027107765168 0.010058516947433113 0.0564761493027256 0.25496469983708625
156 1248 5.005892112545643 0.2527342429207129 0.007620367162505821 0.007620367162505821 0.009621256076502887 0.056549908212895135 0.2527342429207129
157 1256 4.888002090063932 0.2639181854454258 0.006907440219981478 0.006907440219981478 0.011029338422681353 0.05370465174132952 0.2639181854454258
158 1264 4.169965099936876 0.25638213982023195 0.005740981126124296 0.005740981126124296 0.011368400024934368 0.05357869193508732 0.25638213982023195
159 1272 4.501702865172593 0.2636205831288273 0.004749824051010307 0.004749824051010307 0.011307417929051444 0.05460357086094813 0.2636205831288273
160 1280 4.388652502456732 0.2936701080102988 0.004257036662610694 0.004257036662610694 0.011165215531960595 0.05411168402291773 0.2936701080102988
161 1288 3.5056023793450475 0.28433957193572174 0.0035608593168899544 0.0035608593168899544 0.011425705400740825 0.05533188474385363 0.28433957193572174
162 1296 3.4086382094414622 0.2982766310112086 0.002975813679828254 0.002975813679828254 0.011047694628547556 0.055490409677889437 0.2982766310112086
163 1304 4.464095982498437 0.29460665540191117 0.0022931708142400974 0.0022931708142400974 0.012407625752112395 0.055028597684050246 0.29460665540191117
164 1312 6.6537347502020285 0.3062410698435 0.0023343569654815746 0.0023343569654815746 0.01275645099700773 0.05703618309034209 0.3062410698435
165 1320 9.40034758534338 0.3176040766425103 0.0022036432676882556 0.0022036432676882556 0.013406072079432556 0.05813422329815062 0.3176040766425103
166 1328 9.684262114828513 0.32622469458423964 0.0019008136280483005 0.0019008136280483005 0.014258497520443017 0.06004291636953726 0.32622469458423964
167 1336 10.940006980172164 0.3378536414384424 0.0014387063207578835 0.0014387063207578835 0.01433548137135808 0.06020202031494724 0.3378536414384424
168 1344 13.712392584147933 0.3416491498618466 0.0012849415622541334 0.0012849415622541334 0.014339014875649769 0.060169976649619226 0.3416491498618466
169 1352 28.975298015063082 0.3446023663711602 0.0015323111757472468 0.0015323111757472468 0.013500515933760606 0.06019890340686093 0.3446023663711602
170 1360 70.27944237489264 0.34330464714181547 0.0017859499203503792 0.0017859499203503792 0.013857689137620512 0.061779603981806534 0.34330464714181547
171 1368 191.03933112190526 0.3606815844362838 0.0018585852257498353 0.0018585852257498353 0.014367230349777996 0.06353803225840067 0.3606815844362838
172 1376 519.2987423096456 0.3681676304033742 0.00208117021815923 0.00208117021815923 0.01473033308092579 0.06480179060988472 0.3681676304033742
173 1384 1411.600334761946 0.3776754065490629 0.002014056249150699 0.002014056249150699 0.015124572805840052 0.06644612816346694 0.3776754065490629
174 1392 3837.1275390301025 0.38679664275257514 0.0022356781586747162 0.0022356781586747162 0.015552893915768426 0.0680497787943827 0.38679664275257514
175 1400 10430.394062825302 0.39612989793204145 0.002259227746355091 0.002259227746355091 0.015988268441189755 0.06967830859520564 0.39612989793204145
176 1408 16455.20505065556 0.4056897092687921 0.00248659514567047 0.00248659514567047 0.016372678612801905 0.07126953804890163 0.4056897092687921
177 1416 18185.728231877572 0.4154810692104908 0.0019653879406709993 0.0019653879406709993 0.015881316530822122 0.07283542388650362 0.4154810692104908
178 1424 16501.335926784926 0.41547465749572554 0.0014275109184207174 0.0014275109184207174 0.01543361993528171 0.07272641834199017 0.41547465749572554
179 1432 13236.148656369121 0.4154468472470081 0.0010217838277242774 0.0010217838277242774 0.015079142866574493 0.07264615220383151 0.4154468472470081
180 1440 10747.704179474265 0.41409627896734513 0.0007263275974925378 0.0007263275974925378 0.01488654974180417 0.072575315585637 0.41409627896734513
181 1448 10914.956396293554 0.41409485205506796 0.0005865022591132806 0.0005865022591132806 0.014763507216741585 0.07253226049465133 0.41409485205506796
182 1456 9851.706009824655 0.41409409504622363 0.0006550813453933136 0.0006550813453933136 0.014695320289944077 0.07252169113141801 0.41409409504622363
183 1464 9035.629031721604 0.4140860319521022 0.0006705569944191195 0.0006705569944191195 0.012886899623635342 0.07209157077386776 0.4140860319521022
184 1472 7413.085898499507 0.4140857023025309 0.0005324553894565028 0.0005324553894565028 0.0128200997959226 0.07207911013461925 0.4140857023025309
185 1480 6060.9699143499065 0.4140855422018301 0.00042214143289225536 0.00042214143289225536 0.012188499603190846 0.07189196917453154 0.4140855422018301
186 1488 4609.049206166843 0.41408580429394 0.0003234244525086328 0.0003234244525086328 0.012157555921232088 0.07188501943618866 0.41408580429394
187 1496 3799.0773930054206 0.41408650746023296 0.00022942751316998696 0.00022942751316998696 0.01214394534141591 0.07188362797092526 0.41408650746023296
188 1504 3281.971976517616 0.41408604936237337 0.00018467953235899812 0.00018467953235899812 0.012122264315173091 0.07187775374723383 0.41408604936237337
189 1512 3047.8432856026475 0.4140851644771047 0.00016800936863024636 0.00016800936863024636 0.011906080763207195 0.07181156727447043 0.4140851644771047
190 1520 3273.6330773520954 0.4140877423512368 0.00014444335086057674 0.00014444335086057674 0.011904212390926056 0.0718130499270114 0.4140877423512368
191 1528 2694.472600474589 0.41406087138687914 0.00014816568055918248 0.00014816568055918248 0.011902089551855902 0.07181185582716466 0.41406087138687914
192 1536 2357.0039590903434 0.4140622418083321 0.00012414281515007655 0.00012414281515007655 0.01189566565457588 0.07181055162710777 0.4140622418083321
193 1544 1846.4801434347953 0.41406570504384993 0.00011019805428759747 0.00011019805428759747 0.011894723000505085 0.0718103877722848 0.41406570504384993
194 1552 2363.3167392180653 0.41405422827070165 9.278732771323958e-05 9.278732771323958e-05 0.011894597527823562 0.07180970546475092 0.41405422827070165
195 1560 2214.0743970107224 0.4140728334287467 0.0001165775491421465 0.0001165775491421465 0.011871592313487306 0.07180409075605573 0.4140728334287467
196 1568 2008.9163752563395 0.4140661398228272 0.00011262678518644438 0.00011262678518644438 0.010404055061637952 0.07151182073231768 0.4140661398228272
197 1576 1736.5729422596432 0.41406663400943844 0.00010638066968347201 0.00010638066968347201 0.010397317755592219 0.0715098808865383 0.41406663400943844
198 1584 1527.3338868639262 0.41407264694420315 8.576624524816287e-05 8.576624524816287e-05 0.010379284598089143 0.07150556596100671 0.41407264694420315
199 1592 1141.0236931604034 0.4140913483393134 6.662031508147412e-05 6.662031508147412e-05 0.010378268392454619 0.07150588805201832 0.4140913483393134
200 1600 897.3238720261977 0.414077550315289 4.904273267747353e-05 4.904273267747353e-05 0.010377552954829413 0.07150528395594963 0.414077550315289
201 1608 1034.7685886025085 0.4140883499402935 4.194076428898648e-05 4.194076428898648e-05 0.010376176385992197 0.07150500362600734 0.4140883499402935
202 1616 858.0354686086272 0.41410802745731196 4.685934989757254e-05 4.685934989757254e-05 0.010374239304025078 0.0715049478822507 0.41410802745731196
203 1624 643.0479810064817 0.41411928935676273 4.4447432177594327e-05 4.4447432177594327e-05 0.010346947452750057 0.07149968116408273 0.41411928935676273
204 1632 1006.8235555077891 0.414135314712893 3.7122977582548225e-05 3.7122977582548225e-05 0.010346244471309423 0.07149958626515635 0.414135314712893
205 1640 1674.0271157683792 0.42414643649203104 4.1392456858380295e-05 4.1392456858380295e-05 0.010595949557301193 0.07322640845473728 0.42414643649203104
206 1648 1517.6292837828112 0.43440263783579963 4.1615040227314414e-05 4.1615040227314414e-05 0.010851760104437828 0.0749952017459148 0.43440263783579963
207 1656 1213.669038800432 0.43441351118767324 5.8400156451041416e-05 5.8400156451041416e-05 0.010851683425248764 0.07499519481114598 0.43441351118767324
208 1664 990.1007277174141 0.43440104526597995 4.5227644185940734e-05 4.5227644185940734e-05 0.010806039982462773 0.07498553288243472 0.43440104526597995
209 1672 787.7664142323072 0.4344168341646413 3.7380703257050655e-05 3.7380703257050655e-05 0.010805895766977117 0.07498592576127774 0.4344168341646413
210 1680 626.5807206600141 0.43443701635966453 3.9790125572421036e-05 3.9790125572421036e-05 0.01087623604856456 0.07501394671277661 0.43443701635966453
211 1688 829.5456524900608 0.43445970716365995 3.356132852235966e-05 3.356132852235966e-05 0.010890576904038482 0.07501968414387628 0.43445970716365995
212 1696 853.1052432465267 0.4449623933038453 3.631807252284925e-05 3.631807252284925e-05 0.011154371078517437 0.07683196221654548 0.4449623933038453
213 1704 692.1155225094573 0.4450176866388602 5.046605417270508e-05 5.046605417270508e-05 0.011154037563968254 0.07683216130959462 0.4450176866388602
214 1712 1171.633021963201 0.44472569661911787 4.499386003364736e-05 4.499386003364736e-05 0.010399806720254584 0.07666909928154766 0.44472569661911787
215 1720 998.9916442138496 0.4554789942183837 5.022883730860023e-05 5.022883730860023e-05 0.010650466922929808 0.07852066547095678 0.4554789942183837
216 1728 791.8307215853495 0.455488767619812 4.70050399057554e-05 4.70050399057554e-05 0.010518683471956988 0.078486334970073 0.455488767619812
217 1736 842.187176911815 0.455504181302195 3.9861031993804765e-05 3.9861031993804765e-05 0.010516225199848586 0.07848614027983387 0.455504181302195
218 1744 1044.9831197235249 0.4555467565658927 4.774830223472023e-05 4.774830223472023e-05 0.010514162500637041 0.07848667824306274 0.4555467565658927
219 1752 830.1374541230106 0.4555131929742632 6.710357043045324e-05 6.710357043045324e-05 0.010021216312141172 0.07833309176940165 0.4555131929742632
220 1760 837.3942165410268 0.4555035199437188 5.170526656650586e-05 5.170526656650586e-05 0.010012704709054146 0.07833190251798489 0.4555035199437188
221 1768 1038.3875323070959 0.4555056085426311 5.7145521555300314e-05 5.7145521555300314e-05 0.010012733882336762 0.07833313300376311 0.4555056085426311
222 1776 997.4374238793744 0.4556701980031859 6.632838020263991e-05 6.632838020263991e-05 0.010013147571253456 0.07834064906630045 0.4556701980031859
223 1784 759.936866028889 0.4551178168495848 7.253562878887262e-05 7.253562878887262e-05 0.010010834908506475 0.07830958518243013 0.4551178168495848
224 1792 766.3611826367749 0.4551313350685984 5.690366480873313e-05 5.690366480873313e-05 0.009969643123796449 0.07830204249399147 0.4551313350685984
225 1800 901.7346950368933 0.4551033346550479 6.0769127030780453e-05 6.0769127030780453e-05 0.009969428979751975 0.07830142241026469 0.4551033346550479
226 1808 1008.7301302050245 0.4551178400467957 7.81720663397805e-05 7.81720663397805e-05 0.009966994786553586 0.07830103586287966 0.4551178400467957
227 1816 1663.215892510896 0.4551218851987421 9.965186953906063e-05 9.965186953906063e-05 0.00996299034487718 0.0783009853211275 0.4551218851987421
228 1824 1327.1813687570489 0.466111620382632 0.00011055862938843641 0.00011055862938843641 0.010667615030205531 0.08028739429351274 0.466111620382632
229 1832 1348.7351412924156 0.46612631078609834 0.00011045551107711605 0.00011045551107711605 0.010593982101001952 0.08027998420186896 0.46612631078609834
230 1840 1687.4738181698353 0.4661310346571202 0.00011226967600263003 0.00011226967600263003 0.010622175406929196 0.08028161991549605 0.4661310346571202
231 1848 1614.5850099783702 0.46612037213309326 0.00015934276910753697 0.00015934276910753697 0.010621848334922003 0.0802813500300784 0.46612037213309326
232 1856 1176.141090314277 0.4661196621256551 0.00018670308999465946 0.00018670308999465946 0.009796008981248027 0.08011317587781909 0.4661196621256551
233 1864 1281.728825665893 0.46612917472675885 0.00016776809068489565 0.00016776809068489565 0.009438398392119351 0.0800470408322515 0.46612917472675885
234 1872 1334.437715683711 0.4661365501733565 0.0001739491190141548 0.0001739491190141548 0.00941987442782703 0.08003966843623898 0.4661365501733565
235 1880 1387.8948454678264 0.46613916147892637 0.00019843908752011547 0.00019843908752011547 0.009408604637187703 0.08003906711380311 0.46613916147892637
236 1888 1343.653722506144 0.46614331618156707 0.00023274512228620853 0.00023274512228620853 0.009413132745171339 0.08003756183616055 0.46614331618156707
237 1896 1271.560684338384 0.46615078319426556 0.00023325963050745238 0.00023325963050745238 0.009403242103030939 0.08003914954582665 0.46615078319426556
238 1904 1725.6810544061937 0.4661553635161009 0.0002340092048469202 0.0002340092048469202 0.009392708785738895 0.08003527560372553 0.4661553635161009
239 1912 1497.8691591103022 0.4774062806023647 0.0002331408386171742 0.0002331408386171742 0.009550174573569822 0.08195736313729488 0.4774062806023647
240 1920 2565.0642259984297 0.4774161615185815 0.00029197729476822227 0.00029197729476822227 0.00946971090299472 0.08195315538560015 0.4774161615185815
241 1928 2108.7812655253656 0.48890064512426945 0.00033217211288707766 0.00033217211288707766 0.009667139756487348 0.08392791223335994 0.48890064512426945
242 1936 1788.9200380726684 0.4889054554313876 0.0002850730163838757 0.0002850730163838757 0.009652053389817969 0.08392672179009866 0.4889054554313876
243 1944 1324.5159421524456 0.4889311114658312 0.0002067742763050581 0.0002067742763050581 0.009617893285658884 0.08392504704107626 0.4889311114658312
244 1952 1133.8471908782012 0.4889383819697445 0.00015528904983615451 0.00015528904983615451 0.009501296974722306 0.08390197784937149 0.4889383819697445
245 1960 1024.131301290052 0.4889519775350205 0.0001228479381608301 0.0001228479381608301 0.009545226670981372 0.08391022790292432 0.4889519775350205
246 1968 871.6787079721192 0.4889774941835713 0.00011565285488515993 0.00011565285488515993 0.009196256957640722 0.08384870939851477 0.4889774941835713
247 1976 911.3920984064956 0.48898225946460067 0.00010208902717333035 0.00010208902717333035 0.009176514337764669 0.08384543514282769 0.48898225946460067
248 1984 798.6707883217014 0.4889788742357394 0.00010618935818908521 0.00010618935818908521 0.009176156017925787 0.08384442477086147 0.4889788742357394
249 1992 782.6050615031737 0.4889581693813602 9.295015136775197e-05 9.295015136775197e-05 0.008353927154939773 0.08370348691308477 0.4889581693813602
250 2000 1020.1776899547881 0.4890015858410485 8.083887819917445e-05 8.083887819917445e-05 0.008341607168933804 0.08370253818339692 0.4890015858410485
251 2008 916.3027314363887 0.500787292279564 7.996191320707341e-05 7.996191320707341e-05 0.008544256286835304 0.08572297958579674 0.500787292279564
252 2016 999.60761654352 0.500789027106447 9.056532862625263e-05 9.056532862625263e-05 0.008542587195981817 0.08572369670500157 0.500789027106447
253 2024 737.6053716710965 0.5007895964761433 0.00010919149773868396 0.00010919149773868396 0.008536602625346739 0.08572330599719359 0.5007895964761433
254 2032 613.5196279524537 0.500821679960739 8.327261156236116e-05 8.327261156236116e-05 0.008533086052596036 0.0857256166121115 0.500821679960739
255 2040 527.1436753777708 0.500857420343748 8.00090623313613e-05 8.00090623313613e-05 0.008534117723632967 0.08572630073676958 0.500857420343748
256 2048 430.2078814797095 0.5009068744207771 7.142724667104808e-05 7.142724667104808e-05 0.0085208093468916 0.08572538169159563 0.5009068744207771
257 2056 545.7618612116732 0.5009305860636004 6.520274218668997e-05 6.520274218668997e-05 0.008520265872441113 0.08572543510892863 0.5009305860636004
258 2064 663.8234061740956 0.5008768879647605 9.011219112191137e-05 9.011219112191137e-05 0.008520488627534259 0.08572418433531366 0.5008768879647605
259 2072 535.7810157173119 0.500894683329318 9.630807224642309e-05 9.630807224642309e-05 0.008503284830861726 0.08573636530333498 0.500894683329318
260 2080 418.208295022034 0.500929394613571 8.639458527481834e-05 8.639458527481834e-05 0.008505445124525949 0.08574088860943745 0.500929394613571
261 2088 482.23394006345904 0.501000847614741 8.167829539485764e-05 8.167829539485764e-05 0.00846136058799992 0.08574304818484642 0.501000847614741
262 2096 584.8947582755696 0.501039730960128 9.542011980883452e-05 9.542011980883452e-05 0.008463347837938909 0.08574434548286962 0.501039730960128
263 2104 495.96291054984357 0.5009933458287961 0.00011638453084368599 0.00011638453084368599 0.00831901876720924 0.08559829146843241 0.5009933458287961
264 2112 577.000506065427 0.5010250754365037 0.00011000397158753769 0.00011000397158753769 0.008313569017294605 0.08559774742547918 0.5010250754365037
265 2120 449.48231619975576 0.5013504183296952 0.00012738477517904403 0.00012738477517904403 0.008284329969565477 0.0856116164293139 0.5013504183296952
266 2128 342.5274327892947 0.5013531305340695 0.00010357659387841113 0.00010357659387841113 0.008042251971444082 0.08557800720413672 0.5013531305340695
267 2136 285.72083572229207 0.5013807297386721 8.573746886630784e-05 8.573746886630784e-05 0.008053803811879891 0.08557866938235563 0.5013807297386721
268 2144 262.8367650758018 0.5015633588411261 7.763754794158138e-05 7.763754794158138e-05 0.008038042842670885 0.0855405001346478 0.5015633588411261
269 2152 369.8125416235211 0.5015089559266233 8.691618774264683e-05 8.691618774264683e-05 0.008039626259609007 0.08553832796548831 0.5015089559266233
270 2160 276.6341698988223 0.513606774352644 9.78652713292273e-05 9.78652713292273e-05 0.008235255307242237 0.08760609324181433 0.513606774352644
271 2168 392.1439127937293 0.5136828610018059 0.00011098119536988454 0.00011098119536988454 0.008236574345884255 0.08760906452837908 0.5136828610018059
272 2176 299.456695950805 0.5261376660877868 0.00011672328235325897 0.00011672328235325897 0.008433870760455793 0.08972642784516546 0.5261376660877868
273 2184 290.39409503278193 0.5260752812429347 0.00013854610488999233 0.00013854610488999233 0.008430443626960896 0.0897127569141466 0.5260752812429347
274 2192 253.20474785319075 0.52597911360069 0.00014854575946376193 0.00014854575946376193 0.008432887592151331 0.08971550963792126 0.52597911360069
275 2200 195.07529935543897 0.5260798282285076 0.00017423034287587926 0.00017423034287587926 0.008432731968161612 0.0897227275320059 0.5260798282285076
276 2208 190.08521679770942 0.5260785066205952 0.00017682828701855914 0.00017682828701855914 0.008435284318911798 0.08969651643950254 0.5260785066205952
277 2216 160.28685225131926 0.5260425164259295 0.00018065446703930036 0.00018065446703930036 0.008584139456847923 0.08981585644118581 0.5260425164259295
278 2224 133.54749402416826 0.515968532854135 0.0002075395779511198 0.0002075395779511198 0.008540557298526912 0.08782297295431958 0.515968532854135
279 2232 116.74224127393491 0.5126972920784533 0.00023096965340947443 0.00023096965340947443 0.008540861006937335 0.08718657542310071 0.5126972920784533
280 2240 94.59826916890758 0.5132314593776343 0.00025930452107867486 0.00025930452107867486 0.008547610582682294 0.08719519296627093 0.5132314593776343
281 2248 127.76963268710459 0.5126386022987991 0.00024319823813474348 0.00024319823813474348 0.007904278945789567 0.08511575578569318 0.5126386022987991
282 2256 230.01480048745856 0.5255427880463721 0.0002592164107428256 0.0002592164107428256 0.00814819111706225 0.08759336072270756 0.5255427880463721
283 2264 280.3118765134534 0.5383362571115211 0.00026398365642925196 0.00026398365642925196 0.00830635396678785 0.08968161137609158 0.5383362571115211
284 2272 332.7308566130287 0.5384027729518227 0.0002884019098160536 0.0002884019098160536 0.008344387551452524 0.08968706154391626 0.5384027729518227
285 2280 292.85609961494976 0.5388476487548665 0.00044817779245676526 0.00044817779245676526 0.008341710895359842 0.0897239583937271 0.5388476487548665
286 2288 218.80905678330308 0.5389780847647355 0.0003444973300958314 0.0003444973300958314 0.008302223422881647 0.08968308703703817 0.5389780847647355
287 2296 197.52618757549965 0.5377331394523008 0.0002570460348320932 0.0002570460348320932 0.008269659303235866 0.08967762111957746 0.5377331394523008
288 2304 199.8860253492456 0.537460481601219 0.0002718445989231844 0.0002718445989231844 0.008280256540629876 0.08969329192136076 0.537460481601219
289 2312 261.4206567891598 0.5343813908533711 0.0003050743830200097 0.0003050743830200097 0.008264957618328716 0.08944249891751865 0.5343813908533711
290 2320 232.87993109405957 0.5464020547440305 0.0003234074782991295 0.0003234074782991295 0.008058308091575773 0.09153976218477233 0.5464020547440305
291 2328 219.21386032236583 0.5464570948872712 0.0003729897153305514 0.0003729897153305514 0.008044992683150237 0.09157501617763694 0.5464570948872712
292 2336 175.92441828826486 0.5455076166902177 0.0004340210345310988 0.0004340210345310988 0.008057844708186664 0.09155302296662897 0.5455076166902177
293 2344 203.56728283714293 0.5456203211901797 0.00040961696483201747 0.00040961696483201747 0.008054396500377422 0.09158684032443745 0.5456203211901797
294 2352 184.39242194860142 0.5367140297611334 0.0004786851570335564 0.0004786851570335564 0.007878817474676468 0.09070194288960401 0.5367140297611334
295 2360 220.19858315602184 0.538117503432708 0.00048592624487166556 0.00048592624487166556 0.007522995134341735 0.09049096511479351 0.538117503432708
296 2368 234.67986858408915 0.5316827089732293 0.0006155055645092821 0.0006155055645092821 0.007354574318536422 0.08865960914098821 0.5316827089732293
297 2376 195.72639716770445 0.5313497810366968 0.0007141418097317454 0.0007141418097317454 0.0072074395482370985 0.0887272552279288 0.5313497810366968
298 2384 255.41753984617623 0.531561586689276 0.0007017879069016341 0.0007017879069016341 0.007191433688145634 0.08859460373390501 0.531561586689276
299 2392 235.9863602491396 0.5324022110949892 0.000739997672619041 0.000739997672619041 0.007058828993922646 0.0894908429870019 0.5324022110949892
300 2400 235.83690653110094 0.531306439576561 0.0008816808367818877 0.0008816808367818877 0.0071887245630746005 0.08951695931206097 0.531306439576561
301 2408 194.06185093609307 0.5314861202845977 0.001054444712655999 0.001054444712655999 0.007182396378398588 0.08952823166475674 0.5314861202845977
302 2416 160.83278734224214 0.5325258228784021 0.0009811823057295328 0.0009811823057295328 0.00714088706818563 0.08976859362962482 0.5325258228784021
303 2424 156.8398112082571 0.5301461242568591 0.0007345501343196382 0.0007345501343196382 0.007278515513972639 0.08966652218445294 0.5301461242568591
304 2432 170.33320392632928 0.5277161420312381 0.0008890611141384809 0.0008890611141384809 0.0067746597569210846 0.08872345825292276 0.5277161420312381
305 2440 160.15541914094763 0.5316286509036371 0.0009015120668446219 0.0009015120668446219 0.007679008276736966 0.0888613052885736 0.5316286509036371
306 2448 161.6166141240643 0.5307074907102947 0.0009009947444309952 0.0009009947444309952 0.007811384584372484 0.08945844662277938 0.5307074907102947
307 2456 148.48061924347442 0.5308699233474826 0.000794590383122005 0.000794590383122005 0.008336418353887235 0.09095364167932733 0.5308699233474826
308 2464 142.0412720510021 0.5284599116030406 0.0007280497203206559 0.0007280497203206559 0.007805775968523144 0.08717223242808014 0.5284599116030406
309 2472 118.13179468697524 0.5229987337111384 0.0008026847134274754 0.0008026847134274754 0.007516359865433768 0.08686164151563736 0.5229987337111384
310 2480 165.6591780714311 0.5243360980348654 0.0007929984819103224 0.0007929984819103224 0.007125329747473481 0.08642051048875772 0.5243360980348654
311 2488 160.28295917587096 0.5111305404723583 0.0008933776834151692 0.0008933776834151692 0.007117805297486881 0.08510327500819646 0.5111305404723583
312 2496 181.60942445489434 0.511051474337118 0.0009565319495656244 0.0009565319495656244 0.007162715726926402 0.08463371050383359 0.511051474337118
313 2504 139.63279311441943 0.5108125020013911 0.0013319565562909513 0.0013319565562909513 0.006699344400025146 0.08480573952257928 0.5108125020013911
314 2512 117.32392995200857 0.49627540946699106 0.0013179107224771675 0.0013179107224771675 0.006003749199274653 0.08206812427919102 0.49627540946699106
315 2520 121.30316106365348 0.49524274875058966 0.0012223064641147668 0.0012223064641147668 0.0060924189266677075 0.0816319388384763 0.49524274875058966
316 2528 222.39690428179173 0.4907497500507275 0.0012270185267271242 0.0012270185267271242 0.006347467123821468 0.08208788161122227 0.4907497500507275
317 2536 191.65004306121762 0.5031899942313006 0.0013326422153059386 0.0013326422153059386 0.006684884226305101 0.0844708485176841 0.5031899942313006
318 2544 177.14266864522986 0.5033857246630472 0.00138374781579663 0.00138374781579663 0.006141326891453269 0.08551645673272108 0.5033857246630472
319 2552 174.21585071112352 0.5040683418908846 0.0013832453005261827 0.0013832453005261827 0.006339328718374049 0.0854947594102176 0.5040683418908846
320 2560 150.27355349817992 0.49901019003424874 0.001433498706622384 0.001433498706622384 0.0067044957360275085 0.08483451282146662 0.49901019003424874
321 2568 166.6590169428515 0.49908093199563586 0.0012830711054546027 0.0012830711054546027 0.0062946246030571 0.08480645250559446 0.49908093199563586
322 2576 141.42432571375807 0.4894262286582216 0.0014682680383862647 0.0014682680383862647 0.00632097577690828 0.08360468853150087 0.4894262286582216
323 2584 115.64170591648025 0.4878210838490079 0.00133905712835258 0.00133905712835258 0.00608744279787285 0.08349909217155825 0.4878210838490079
324 2592 104.618307702444 0.4878400731717214 0.0012444874906477632 0.0012444874906477632 0.005992861946500888 0.08286516439400778 0.4878400731717214
325 2600 112.40064405075339 0.4904144273403446 0.0011554010984816607 0.0011554010984816607 0.005438270714873166 0.08345879923448886 0.4904144273403446
326 2608 124.59294129574909 0.48040766971178384 0.0012900122074266402 0.0012900122074266402 0.005315249370015258 0.07981086232547478 0.48040766971178384
327 2616 104.52104511247225 0.47558343362078237 0.0013044860086061617 0.0013044860086061617 0.005328743819391492 0.08007052711139409 0.47558343362078237
328 2624 98.97961115349725 0.4737758079265159 0.0011381761357747106 0.0011381761357747106 0.005210864440649646 0.07795109322425492 0.4737758079265159
329 2632 85.48483900869897 0.46224604669945957 0.0010060274026379235 0.0010060274026379235 0.005212734484769282 0.07796807719876475 0.46224604669945957
330 2640 69.12477477540588 0.4625521857847146 0.0009120856599464612 0.0009120856599464612 0.005255159583609846 0.07697375939308979 0.4625521857847146
331 2648 65.12532805951282 0.456270834892749 0.000760670405873162 0.000760670405873162 0.005169975226865377 0.07668221117663952 0.456270834892749
332 2656 89.6392720507792 0.4569288969050986 0.0006010662617863565 0.0006010662617863565 0.00500282622716502 0.08594285818588655 0.4569288969050986
333 2664 135.2754427077995 0.4683291547585939 0.0006595528088900696 0.0006595528088900696 0.005211720533523512 0.08383604580552628 0.4683291547585939
334 2672 129.30723728973058 0.47952432278422863 0.0006035480064757486 0.0006035480064757486 0.005339969090023377 0.08541807661937835 0.47952432278422863
335 2680 167.46676496794092 0.4830411767161017 0.0007701147804555213 0.0007701147804555213 0.005418649700719845 0.08553602342653353 0.4830411767161017
336 2688 143.11418378363723 0.49511583659843295 0.0008386690698551841 0.0008386690698551841 0.0051214577065993834 0.08644012422024157 0.49511583659843295
337 2696 161.2995449871419 0.4954699401826084 0.0008367459516023619 0.0008367459516023619 0.005382241111704335 0.0869492135584518 0.4954699401826084
338 2704 187.24258853583947 0.4977897618539176 0.0008611496444691207 0.0008611496444691207 0.005572503075802519 0.08687879387383145 0.4977897618539176
339 2712 151.02352338055206 0.4988078873390451 0.0010048030166184931 0.0010048030166184931 0.004898804064144264 0.0870692613007601 0.4988078873390451
340 2720 174.53357355387962 0.5011100269045144 0.0008476336412830783 0.0008476336412830783 0.004820327862358623 0.08703833886324187 0.5011100269045144
341 2728 204.17566722159353 0.5013446097200243 0.000933927967700651 0.000933927967700651 0.005047857061211086 0.08765752682899962 0.5013446097200243
342 2736 290.99270150744223 0.49295302268363783 0.001114531714725331 0.001114531714725331 0.005172777287492936 0.0867449131861754 0.49295302268363783
343 2744 242.889391648836 0.5048363095200565 0.001207771310034238 0.001207771310034238 0.005209888393772529 0.08887441101640012 0.5048363095200565
344 2752 268.3540950631065 0.5049782325050788 0.0011735839292574964 0.0011735839292574964 0.005007769371226908 0.08881869468779582 0.5049782325050788
345 2760 263.3426589353207 0.5051742086033038 0.001249486715736457 0.001249486715736457 0.004971383833938882 0.08882607848904686 0.5051742086033038
346 2768 279.8104035306642 0.5051826396197645 0.0014262170837732514 0.0014262170837732514 0.0051501873530217 0.08877714127603138 0.5051826396197645
347 2776 274.8171979396938 0.5052429631060773 0.0016410529002435317 0.0016410529002435317 0.00506512742702824 0.08873627775372823 0.5052429631060773
348 2784 259.42656378677634 0.506095576949658 0.0018083820770441604 0.0018083820770441604 0.004705563863066758 0.08905126864809448 0.506095576949658
349 2792 243.53879261853774 0.49825034432136306 0.0018371591481419784 0.0018371591481419784 0.004713006796689072 0.08842285755192593 0.49825034432136306
350 2800 222.0172442814663 0.49843734695921155 0.0019399922897913916 0.0019399922897913916 0.004266774039018596 0.08830265466866115 0.49843734695921155
351 2808 178.54811805226714 0.4987479572683861 0.0016564278504863999 0.0016564278504863999 0.004059074093492888 0.08829371033741049 0.4987479572683861
352 2816 181.34596558811435 0.4993549757201829 0.0014148642619688015 0.0014148642619688015 0.0039464379943763474 0.08831802764797292 0.4993549757201829
353 2824 249.744017689253 0.49886478740495666 0.001551430434786602 0.001551430434786602 0.003830733606290664 0.08831697828834985 0.49886478740495666
354 2832 226.6276165779536 0.5109240658835803 0.0016844213087459556 0.0016844213087459556 0.0038665606292340943 0.0905827264624199 0.5109240658835803
355 2840 204.0303678810462 0.5110117211110962 0.0014902233126721002 0.0014902233126721002 0.003850001614945087 0.09055143822966656 0.5110117211110962
356 2848 174.36574151422008 0.5114953804439702 0.0015429553645001381 0.0015429553645001381 0.004148023933201533 0.08852839871883816 0.5114953804439702
357 2856 141.90407916875805 0.5114130474874903 0.001430534397108374 0.001430534397108374 0.004171836169712672 0.08838476080514371 0.5114130474874903
358 2864 121.00109219397189 0.509767223807067 0.0013433323262008012 0.0013433323262008012 0.0040413674213177885 0.08840698327345409 0.509767223807067
359 2872 141.88419592973318 0.5110086670144847 0.0013577876290486312 0.0013577876290486312 0.003851627035594024 0.08837443471660808 0.5110086670144847
360 2880 158.7666671542705 0.506490812891899 0.0015058491707710298 0.0015058491707710298 0.003842014220850413 0.08946402041384843 0.506490812891899
361 2888 148.29519677638004 0.45265804668585224 0.0015125005296034416 0.0015125005296034416 0.004992758700922704 0.08621281563344874 0.45265804668585224
362 2896 134.14737031208466 0.45250166604320463 0.0012379016397729217 0.0012379016397729217 0.004912346036651918 0.0868768756004384 0.45250166604320463
363 2904 115.87186719932481 0.4557339009585297 0.0011034967446013244 0.0011034967446013244 0.005113863161930106 0.08688068575721013 0.4557339009585297
364 2912 116.7195428004757 0.45610026388885283 0.0008258511411587096 0.0008258511411587096 0.005610170097727132 0.08707868673388222 0.45610026388885283
365 2920 101.08202860128903 0.4555893960584129 0.0008981488848271558 0.0008981488848271558 0.005129996109432172 0.08499449451720556 0.4555893960584129
366 2928 102.60558111913718 0.45019704766437313 0.0007773984976923245 0.0007773984976923245 0.004718224468747698 0.08451692808883672 0.45019704766437313
367 2936 88.02083406784888 0.4536899564088259 0.0008466049475018456 0.0008466049475018456 0.004136015353365876 0.08413126844506201 0.4536899564088259
368 2944 79.64889093710752 0.45181971437788276 0.000808882701734659 0.000808882701734659 0.003977656151235136 0.08342997887339076 0.45181971437788276
369 2952 73.3882357062187 0.4506243726372545 0.0007642664151627423 0.0007642664151627423 0.003830133983025534 0.07935487952503756 0.4506243726372545
370 2960 61.58580224533899 0.45065077639705525 0.0006093865286645706 0.0006093865286645706 0.003858981380658424 0.07929282346666476 0.45065077639705525
371 2968 45.998009286376835 0.44851732076159595 0.0005971093319153136 0.0005971093319153136 0.003598201665625743 0.07745436506309591 0.44851732076159595
372 2976 47.40628861045337 0.44008191957485077 0.0005916685005812091 0.0005916685005812091 0.0034120827056443675 0.07665296549785296 0.44008191957485077
373 2984 59.138611325731375 0.4132816963603186 0.0006202054680433291 0.0006202054680433291 0.003413478142429511 0.07572315610280565 0.4132816963603186
374 2992 56.51981063107894 0.4126502704839427 0.0006619161907638751 0.0006619161907638751 0.0037359299592360008 0.06921493422121966 0.4126502704839427
375 3000 53.026083260204906 0.4133102234184947 0.0006718988080485879 0.0006718988080485879 0.0032820451632498944 0.07374289118780956 0.4133102234184947
376 3008 66.65631725203298 0.4180683868502222 0.0005701190504255572 0.0005701190504255572 0.0032339276671411645 0.07472412589912547 0.4180683868502222
377 3016 76.63512595721438 0.4194125235670674 0.0005580586958106982 0.0005580586958106982 0.00324339537206371 0.08812517700442378 0.4194125235670674
378 3024 96.90473996452675 0.42074869512815416 0.0005567808403080875 0.0005567808403080875 0.003236240125131424 0.0903941605992596 0.42074869512815416
379 3032 96.98915113256015 0.42639386285702247 0.0006512686321245749 0.0006512686321245749 0.0032073736891686084 0.0892670669803746 0.42639386285702247
380 3040 97.14501412834707 0.4274934097497883 0.0008542930567066405 0.0008542930567066405 0.0025599697616479947 0.08995103650216221 0.4274934097497883
381 3048 99.71492336646392 0.42510093034867763 0.0007496962920155003 0.0007496962920155003 0.0026643662240956848 0.089975558448642 0.42510093034867763
382 3056 96.88924836082701 0.4244087425242047 0.0007232810694115143 0.0007232810694115143 0.0028070956515883977 0.08718759552967276 0.4244087425242047
383 3064 83.21861892662281 0.42417855456061665 0.0007652878833842299 0.0007652878833842299 0.0026808200761305476 0.0831772725350931 0.42417855456061665
384 3072 98.9551320913339 0.39967920193994033 0.0006996268594621081 0.0006996268594621081 0.0025697743453220166 0.08224451577150133 0.39967920193994033
385 3080 109.54587230215284 0.3947795222433101 0.0008202133104720401 0.0008202133104720401 0.002612875997394555 0.08151669506524177 0.3947795222433101
386 3088 88.00666337222107 0.392381385013515 0.0007873894459634264 0.0007873894459634264 0.0026711991060017334 0.08016273978807455 0.392381385013515
387 3096 105.02889477854424 0.3893077436934119 0.000751687889886294 0.000751687889886294 0.0023333312353105533 0.07986712081840781 0.3893077436934119
388 3104 138.00160860936253 0.3845999198087941 0.0008948039875959062 0.0008948039875959062 0.0023010460059021947 0.07943446706952662 0.3845999198087941
389 3112 126.93210387162402 0.39070085297383655 0.0008586265538485162 0.0008586265538485162 0.002513023120320258 0.08088980330672829 0.39070085297383655
390 3120 129.3079873446828 0.3906305208229074 0.0007598631601077264 0.0007598631601077264 0.002979076107248093 0.08103696164479082 0.3906305208229074
391 3128 106.94235100110022 0.39172717396124357 0.0008607683213872925 0.0008607683213872925 0.0027139946480439145 0.08139173006528941 0.39172717396124357
392 3136 109.30559372042919 0.39051889881427493 0.0009065051496852592 0.0009065051496852592 0.0022317321195093436 0.08075468990391843 0.39051889881427493
393 3144 92.77456194406828 0.3891935959638825 0.000983549181571568 0.000983549181571568 0.002088735345120734 0.08067743039854616 0.3891935959638825
394 3152 95.50212901815232 0.3881316241318698 0.0008649536043110695 0.0008649536043110695 0.0019855168520483465 0.0800107804103889 0.3881316241318698
395 3160 89.65563661263263 0.38023495060348056 0.0007792627873709538 0.0007792627873709538 0.0021410210348805185 0.08035307360210776 0.38023495060348056
396 3168 90.43422373109146 0.38139735657966256 0.0008073419164817207 0.0008073419164817207 0.00200486278530802 0.08037102555810391 0.38139735657966256
397 3176 73.89084203567126 0.35199371741435137 0.0008745682269127922 0.0008745682269127922 0.0019811420857057706 0.07907806963038536 0.35199371741435137
398 3184 68.78183294633777 0.3426520007553424 0.000735011733238526 0.000735011733238526 0.0020373349053826343 0.07816895426378075 0.3426520007553424
399 3192 72.01560230768354 0.34358786767015587 0.0006588655106518329 0.0006588655106518329 0.0019509938552785496 0.07972689571324967 0.34358786767015587
400 3200 63.84107076454488 0.34288159971808313 0.0006611274152051609 0.0006611274152051609 0.0019276104382874293 0.07954862985203791 0.34288159971808313
401 3208 66.0518962042187 0.3393353749375018 0.0006589502781802735 0.0006589502781802735 0.0018972602293912738 0.07922906319382703 0.3393353749375018
402 3216 55.609479961733236 0.34485535110969945 0.0007088088286287685 0.0007088088286287685 0.0016915030958512423 0.07794390010336606 0.34485535110969945
403 3224 48.519624989534364 0.3258168617027298 0.0006720615113283696 0.0006720615113283696 0.0016523312452464429 0.08140427644954691 0.3258168617027298
404 3232 46.8086068589122 0.3275126653017258 0.0006272350549339879 0.0006272350549339879 0.0015921880722230002 0.07646150043985805 0.3275126653017258
405 3240 43.28316920421008 0.326904709836037 0.0005726141763158816 0.0005726141763158816 0.0016677515746877456 0.07521857791583952 0.326904709836037
406 3248 39.041417227392195 0.31573404906870983 0.0004897208772469319 0.0004897208772469319 0.0016998707719710312 0.07872972770377276 0.31573404906870983
407 3256 39.07328351630787 0.3059163298317172 0.00041643256500727404 0.00041643256500727404 0.001795659198266475 0.07790614728397159 0.3059163298317172
408 3264 35.91229871761465 0.3004351929892111 0.0004128495779275106 0.0004128495779275106 0.0018831564474566023 0.07151239078158785 0.3004351929892111
409 3272 33.27507285826871 0.29590416357291954 0.0003973683457261324 0.0003973683457261324 0.001838721064258615 0.0628358918705968 0.29590416357291954
410 3280 35.57443175026466 0.31253516680905097 0.0003550327990956698 0.0003550327990956698 0.0018276045102479297 0.05965743657908023 0.31253516680905097
411 3288 29.506034954626482 0.31748643428240175 0.00036963686796499774 0.00036963686796499774 0.001664295181678749 0.060105361717997914 0.31748643428240175
412 3296 33.98800629237189 0.31841239505731495 0.00036047595362822285 0.00036047595362822285 0.0015180161163496578 0.05644175178884267 0.31841239505731495
413 3304 38.699950049204084 0.2878813676459571 0.00043850195689298824 0.00043850195689298824 0.0015543202885273512 0.05639983186385536 0.2878813676459571
414 3312 36.79125650194546 0.27822036199007893 0.0005052702465247149 0.0005052702465247149 0.0016247318364243067 0.051797302962292124 0.27822036199007893
415 3320 39.62009561886824 0.2846976124259625 0.0004625295942544518 0.0004625295942544518 0.001532373434238764 0.050661505637776744 0.2846976124259625
416 3328 40.951551771826466 0.3057980558953282 0.0004527381622415171 0.0004527381622415171 0.0014085843947310185 0.050856899704709975 0.3057980558953282
417 3336 40.11105874221198 0.3153209155178265 0.00047504761320523917 0.00047504761320523917 0.0014939185832360945 0.04830395362720366 0.3153209155178265
418 3344 48.5158231251483 0.28405847421735153 0.00043769499722786227 0.00043769499722786227 0.001495021445282903 0.05206737111575608 0.28405847421735153
419 3352 46.82172388550883 0.27051964043887755 0.0004577691168620906 0.0004577691168620906 0.0016219856606777684 0.05123673555115613 0.27051964043887755
420 3360 53.97620123712331 0.26023053315715294 0.0004957291689643709 0.0004957291689643709 0.0016835597933055513 0.047609543278484136 0.26023053315715294
421 3368 44.71943890709083 0.270413991438433 0.0004997643104893852 0.0004997643104893852 0.0017384228852226698 0.04922945701440333 0.270413991438433
422 3376 38.16299778806709 0.2511689645442649 0.0004776589607334695 0.0004776589607334695 0.0017048248268987844 0.04860228798187308 0.2511689645442649
423 3384 38.92385207593919 0.26354122169372096 0.0003898284666369439 0.0003898284666369439 0.0016835335110344178 0.04878540239551537 0.26354122169372096
424 3392 40.51262511648126 0.26390339501746796 0.0004288842935616587 0.0004288842935616587 0.0015753624275354314 0.049366770419866715 0.26390339501746796
425 3400 34.090925027212506 0.23362754591283053 0.0004381771832236905 0.0004381771832236905 0.0015767699624037147 0.04906619770113393 0.23362754591283053
426 3408 33.781218655969695 0.21853478947039742 0.00040805421122938216 0.00040805421122938216 0.0015582744657200369 0.047048264160925 0.21853478947039742
427 3416 27.671767208664306 0.2196946979788598 0.00043598461122979046 0.00043598461122979046 0.0013652034422364345 0.046742330041393394 0.2196946979788598
428 3424 24.816114116359174 0.1957908705287513 0.0004187285450698696 0.0004187285450698696 0.0012297134667180638 0.04634612742111521 0.1957908705287513
429 3432 22.78707162702563 0.18114411006209627 0.0004121334413318016 0.0004121334413318016 0.00125928389614259 0.044141973959486054 0.18114411006209627
430 3440 22.64337439601248 0.187856108712386 0.0003891131834071529 0.0003891131834071529 0.0010849918447878653 0.04558818901769038 0.187856108712386
431 3448 20.632696221153633 0.19415582743916582 0.0003359534594750193 0.0003359534594750193 0.001103374118503675 0.04553214059726444 0.19415582743916582
432 3456 18.54070237723516 0.19582565205506502 0.00033166061698666153 0.00033166061698666153 0.0010073755037233213 0.04582976247371206 0.19582565205506502
433 3464 17.11070434899796 0.2041415893798632 0.0003153478853979915 0.0003153478853979915 0.0009126621390149893 0.046026585734601846 0.2041415893798632
434 3472 13.933668680922526 0.19533940316753412 0.00030324197918863403 0.00030324197918863403 0.000874507378919377 0.04627523447268578 0.19533940316753412
435 3480 15.643648320212078 0.1868287452152348 0.0002844422411635933 0.0002844422411635933 0.000921343245405947 0.042786118451967746 0.1868287452152348
436 3488 14.362275300673149 0.21512775897711153 0.00025502355213064524 0.00025502355213064524 0.0009524290347707149 0.04158242007951599 0.21512775897711153
437 3496 12.047164283207179 0.2097776249668173 0.00026384122936895066 0.00026384122936895066 0.0008677605114717658 0.038692126279399705 0.2097776249668173
438 3504 13.189634194747384 0.20899668220537024 0.0002723196195214282 0.0002723196195214282 0.0007982941908524255 0.033581468662911916 0.20899668220537024
439 3512 15.526575334070532 0.22953452991279308 0.0002561831436823628 0.0002561831436823628 0.0008524243879817108 0.03165570983964132 0.22953452991279308
440 3520 14.7293893555427 0.27971772677193685 0.0002489248625628832 0.0002489248625628832 0.0008477974876371507 0.029882757692319163 0.27971772677193685
441 3528 12.091900716636873 0.27598454210998735 0.0002215786072899907 0.0002215786072899907 0.0008257157732788876 0.030310642705324874 0.27598454210998735
442 3536 10.424310608672437 0.26740068530046385 0.0002190075471068561 0.0002190075471068561 0.0008201786884086578 0.024762094027602276 0.26740068530046385
443 3544 10.191531524293433 0.25681190952269184 0.0002200690520922141 0.0002200690520922141 0.0007207974702229052 0.02364515013235994 0.25681190952269184
444 3552 8.761472231056961 0.2707840536912045 0.00021028863248419912 0.00021028863248419912 0.0007105867933263965 0.0219528679268147 0.2707840536912045
445 3560 8.904042150622471 0.2541987759199194 0.00018822255001754945 0.00018822255001754945 0.0006989816511210626 0.02147790610781078 0.2541987759199194
446 3568 10.173782924246384 0.2666644303702105 0.00019647470783938195 0.00019647470783938195 0.0005934419037946404 0.02161845702756253 0.2666644303702105
447 3576 11.205516195441135 0.27769115916920645 0.00018760753497836435 0.00018760753497836435 0.0005965296556788476 0.022570033374322826 0.27769115916920645
448 3584 12.110821986014235 0.27857763544533193 0.00021039584568228778 0.00021039584568228778 0.0005643227540626146 0.02255761435550687 0.27857763544533193
449 3592 9.581503967227562 0.30144214679125647 0.00020892456744804993 0.00020892456744804993 0.0005406661031783906 0.021970688413634774 0.30144214679125647
450 3600 8.575847301780305 0.2944589415234375 0.00020752715069529405 0.00020752715069529405 0.00048697260584990883 0.021703680510409922 0.2944589415234375
451 3608 7.8325664293525525 0.25297589578657714 0.00021886441552247364 0.00021886441552247364 0.0005058869058390534 0.021038091000312648 0.25297589578657714
452 3616 7.485850648183272 0.25936756211880396 0.00018408470000999747 0.00018408470000999747 0.0005120142213966631 0.02123131372397342 0.25936756211880396
453 3624 7.757393002392448 0.26426725078350366 0.00017156173506664252 0.00017156173506664252 0.0005117417022575317 0.020367147519569275 0.26426725078350366
454 3632 6.992656729897173 0.2781557970668236 0.00017174912329894938 0.00017174912329894938 0.0004965800772452932 0.020007613659024478 0.2781557970668236
455 3640 5.841253723020905 0.27162196511571757 0.0001554687881335837 0.0001554687881335837 0.0004935255062150127 0.0184940412503286 0.27162196511571757
456 3648 5.318128366395919 0.2563706505650738 0.00014831545953960918 0.00014831545953960918 0.00047414854897613926 0.01793741987596791 0.2563706505650738
457 3656 5.814450647495159 0.26024688082109915 0.00013181839720042586 0.00013181839720042586 0.0004594932382179061 0.01786504652936998 0.26024688082109915
458 3664 7.6251250809881235 0.27538512652736846 0.00012955520973572128 0.00012955520973572128 0.000489179337265514 0.017094945227287665 0.27538512652736846
459 3672 11.277879151337176 0.2778810797143306 0.00013150253102494854 0.00013150253102494854 0.0005608654736266827 0.015573504698924824 0.2778810797143306
460 3680 11.481014032390078 0.28469951030903096 0.00014156986598773164 0.00014156986598773164 0.0005537362715277986 0.015253969369054547 0.28469951030903096
461 3688 12.496938615429503 0.28103016920199386 0.00014599868878018956 0.00014599868878018956 0.0005212340038559536 0.012719128911494995 0.28103016920199386
462 3696 12.00601899842413 0.2634996201054713 0.00014467291825673415 0.00014467291825673415 0.000534820823669485 0.012660522825058708 0.2634996201054713
463 3704 10.478326163767356 0.2454760976738385 0.00013940480517524178 0.00013940480517524178 0.0005306919604268641 0.012252120803650998 0.2454760976738385
464 3712 10.649367142734675 0.23343768372877954 0.00013817214324774596 0.00013817214324774596 0.0005038622819569293 0.012480673581326644 0.23343768372877954
465 3720 10.061750734244063 0.2397084538225504 0.000141396701124796 0.000141396701124796 0.0004849056649830943 0.012552601110277574 0.2397084538225504
466 3728 10.499100333362476 0.23579750662360796 0.0001260836386328958 0.0001260836386328958 0.00047446036729334885 0.012853124413178619 0.23579750662360796
467 3736 9.887671799563792 0.23501492534983942 0.00012678658172964025 0.00012678658172964025 0.0004674726126129458 0.013067086846535046 0.23501492534983942
468 3744 8.984553560187244 0.21501551818457587 0.00012843829820152874 0.00012843829820152874 0.000435605287297421 0.012839454044782232 0.21501551818457587
469 3752 8.906543366580626 0.23206038381840005 0.0001164878176038418 0.0001164878176038418 0.00043381323744156214 0.012355013092162252 0.23206038381840005
470 3760 9.20031849173712 0.23305503380052608 0.0001119268779441164 0.0001119268779441164 0.00044448852040370325 0.011915817318332382 0.23305503380052608
471 3768 8.336540361431023 0.23697908205423127 0.0001040509398907344 0.0001040509398907344 0.0004366815728372207 0.012116190872856225 0.23697908205423127
472 3776 10.755321640515149 0.22863278202465548 0.00010091875545866009 0.00010091875545866009 0.00044273658231415805 0.011003098910962038 0.22863278202465548
473 3784 11.53909373813826 0.23873682119160955 9.18497089512967e-05 9.18497089512967e-05 0.0004892044425002464 0.011230846931176427 0.23873682119160955
474 3792 12.462902589152097 0.21235444567401066 9.249477069802573e-05 9.249477069802573e-05 0.0004707107405144943 0.011151517143944897 0.21235444567401066
475 3800 11.761824441533484 0.24432471472610925 9.594823456436657e-05 9.594823456436657e-05 0.00044955791577600934 0.010487875493055937 0.24432471472610925
476 3808 12.975448280475462 0.23727089334967072 8.898929297346726e-05 8.898929297346726e-05 0.0004077982430496265 0.01055362684956418 0.23727089334967072
477 3816 13.432683673051656 0.2220510602470249 0.00010078278786353693 0.00010078278786353693 0.00038675068143727645 0.010495197970572022 0.2220510602470249
478 3824 15.066200436784003 0.23041175752720164 9.986184118851744e-05 9.986184118851744e-05 0.0003566864805349206 0.010411209167870751 0.23041175752720164
479 3832 14.718927837534915 0.2457156580568784 9.518806815357115e-05 9.518806815357115e-05 0.0003592299714548941 0.010108490483403757 0.2457156580568784
480 3840 13.284991421476533 0.25755248762414074 8.354923371766384e-05 8.354923371766384e-05 0.0003288838017583002 0.010168357531574558 0.25755248762414074
481 3848 15.072339669776348 0.23684825801780018 8.585409048873006e-05 8.585409048873006e-05 0.0003108129933582497 0.00976418701550481 0.23684825801780018
482 3856 17.470093580492605 0.295620971921289 8.135870639292299e-05 8.135870639292299e-05 0.00029714166419859045 0.009595522147734585 0.295620971921289
483 3864 17.99369115145334 0.29584493779029997 8.08468176677553e-05 8.08468176677553e-05 0.00034273886169943347 0.008750261925981604 0.29584493779029997
484 3872 17.19120650226484 0.30369563687562967 7.355216071815384e-05 7.355216071815384e-05 0.0003383174786435064 0.00900430068954268 0.30369563687562967
485 3880 15.783239512054273 0.31153216060151245 6.787540336008406e-05 6.787540336008406e-05 0.00036126364128273114 0.008746035666290631 0.31153216060151245
486 3888 15.98526569941611 0.2802665117460096 6.462929336951375e-05 6.462929336951375e-05 0.0003489615254240248 0.008796943188673252 0.2802665117460096
487 3896 16.346937747198957 0.2835516165259165 6.975300030588215e-05 6.975300030588215e-05 0.0003415635992639745 0.008076236247353458 0.2835516165259165
488 3904 15.874825539320161 0.2805227977920124 6.763188959610379e-05 6.763188959610379e-05 0.0003685640228489558 0.007267493059356948 0.2805227977920124
489 3912 13.93037131051445 0.2539656496736665 6.679721820577721e-05 6.679721820577721e-05 0.0003514210323072061 0.007562116752406617 0.2539656496736665
490 3920 12.845688517440358 0.2498529360716325 6.269669247174544e-05 6.269669247174544e-05 0.00034588102396626943 0.0072338300913208425 0.2498529360716325
491 3928 11.374644782169204 0.22923408821452507 6.338201719169589e-05 6.338201719169589e-05 0.0003280572630581739 0.0071208769565463724 0.22923408821452507
492 3936 11.021018599391542 0.2264832244561616 6.092964350101617e-05 6.092964350101617e-05 0.00031867491446098373 0.006762153577889821 0.2264832244561616
493 3944 10.791679134498246 0.223798009106949 6.241708479165914e-05 6.241708479165914e-05 0.0003061502758253308 0.006414394782867303 0.223798009106949
494 3952 10.43420141977718 0.22649804730993514 5.814882029236089e-05 5.814882029236089e-05 0.00031038702812949295 0.0063606051357928805 0.22649804730993514
495 3960 9.77414331064577 0.2180500070705254 5.6261484057593815e-05 5.6261484057593815e-05 0.0003365664097174833 0.006205942282930671 0.2180500070705254
496 3968 7.821222093834348 0.21485426004276187 5.7378208134434626e-05 5.7378208134434626e-05 0.00032760765535444014 0.005643995008733133 0.21485426004276187
497 3976 7.938787497887357 0.21056640785081354 5.432821742447907e-05 5.432821742447907e-05 0.00031077154706041996 0.005440505494051803 0.21056640785081354
498 3984 7.276897779646666 0.21731994181482625 5.134047285959401e-05 5.134047285959401e-05 0.00027538929222360346 0.0059070880916220455 0.21731994181482625
499 3992 7.0409596312848395 0.2141765444711461 4.889910194281229e-05 4.889910194281229e-05 0.00028692804777244164 0.0056518431992468665 0.2141765444711461
500 4000 7.229439427705863 0.21441191050816016 4.814837251565081e-05 4.814837251565081e-05 0.00025316717088217516 0.005993519930234354 0.21441191050816016
501 4008 7.151682667179374 0.20029580964469068 5.221785399412704e-05 5.221785399412704e-05 0.0002408575403717386 0.00587839614431256 0.20029580964469068
502 4016 8.424869015016725 0.20237124284155383 5.230470467293783e-05 5.230470467293783e-05 0.00025963490553659164 0.0053161865822214036 0.20237124284155383
503 4024 9.306500729283158 0.19129959294438026 4.9759605943664964e-05 4.9759605943664964e-05 0.000299706351252813 0.005346847272358164 0.19129959294438026
504 4032 9.018127631131694 0.20819353255130554 5.0790983964735205e-05 5.0790983964735205e-05 0.0002713500422761569 0.0050730507462045955 0.20819353255130554
505 4040 7.9942961211001204 0.1971806413646112 4.996850951727871e-05 4.996850951727871e-05 0.0002646455818500098 0.005103982327581999 0.1971806413646112
506 4048 7.056622825569389 0.19116993087909898 5.033283436308906e-05 5.033283436308906e-05 0.0002558197219957572 0.0047811884881605 0.19116993087909898
507 4056 6.048519789601839 0.1851071077944431 4.578577980076232e-05 4.578577980076232e-05 0.00024757976126211346 0.004895334859359441 0.1851071077944431
508 4064 5.830388350384968 0.18023507396573474 4.086604597127491e-05 4.086604597127491e-05 0.0002508609562184639 0.0047299261743061205 0.18023507396573474
509 4072 5.174890807994577 0.17152692639190226 3.9638273000280445e-05 3.9638273000280445e-05 0.00024273637081981047 0.0047781879514184195 0.17152692639190226
510 4080 4.951535236759422 0.1630470620273876 3.804042835170345e-05 3.804042835170345e-05 0.00024037419065753318 0.004857227367583759 0.1630470620273876
511 4088 4.926218689887488 0.16825893816727625 3.890402660083467e-05 3.890402660083467e-05 0.00022276788809088354 0.0044779038335591125 0.16825893816727625
512 4096 4.671697571962886 0.16648339109659083 3.964736976019203e-05 3.964736976019203e-05 0.00021647529075524984 0.004140854085442599 0.16648339109659083
513 4104 4.102038557306257 0.15399703449811172 4.066992450107497e-05 4.066992450107497e-05 0.0002186615227516837 0.0040673377597712215 0.15399703449811172
514 4112 4.168746805501655 0.15079312141453347 3.6111034123433354e-05 3.6111034123433354e-05 0.00021803650083137015 0.003936907106725609 0.15079312141453347
515 4120 5.156352740470011 0.13932499686155067 3.640323310410644e-05 3.640323310410644e-05 0.00023052705242425446 0.004038249102995425 0.13932499686155067
516 4128 5.997811908896453 0.1847538351207559 3.764355149300151e-05 3.764355149300151e-05 0.00020960442341235805 0.003776820000844536 0.1847538351207559
517 4136 5.57120563699109 0.22012116705621546 3.5444537464630244e-05 3.5444537464630244e-05 0.00020697417377546257 0.0034900385838480966 0.22012116705621546
518 4144 5.342018225645964 0.21234605846907612 3.7401366624546026e-05 3.7401366624546026e-05 0.00020122505028726692 0.0032851136601508442 0.21234605846907612
519 4152 5.77651079242184 0.21589163330635294 3.346439655165221e-05 3.346439655165221e-05 0.00019848641553540486 0.0034279137999978526 0.21589163330635294
520 4160 5.636293349284395 0.22367503651663853 3.2341908298157533e-05 3.2341908298157533e-05 0.000201890773022178 0.0034819810529405793 0.22367503651663853
521 4168 6.289152803870316 0.22915600740081613 3.1494566932609386e-05 3.1494566932609386e-05 0.00018020629815949303 0.003348587089287253 0.22915600740081613
522 4176 5.846217344269842 0.2584780808289819 3.130880877341009e-05 3.130880877341009e-05 0.0001678898880730043 0.0031466696681618778 0.2584780808289819
523 4184 5.941391890915065 0.24732817223273035 2.7583891177436097e-05 2.7583891177436097e-05 0.000164503069478891 0.0032160965430954843 0.24732817223273035
524 4192 6.9060902030784455 0.2594535304290346 2.83789326835763e-05 2.83789326835763e-05 0.00015547778768049402 0.0030953222980416592 0.2594535304290346
525 4200 8.376198304951926 0.31146941870249606 2.8723542272202466e-05 2.8723542272202466e-05 0.00014191888899988013 0.0029945303614328706 0.31146941870249606
526 4208 8.770440321110444 0.31816755838115496 2.7934015573266845e-05 2.7934015573266845e-05 0.00012419092427250428 0.0035694677361134872 0.31816755838115496
527 4216 9.345636305643785 0.33679245536929814 2.3067648173465446e-05 2.3067648173465446e-05 0.0001343150998146083 0.0036030308397506524 0.33679245536929814
528 4224 8.394574621950634 0.3311144537928569 2.2597199254357884e-05 2.2597199254357884e-05 0.00013244678611051036 0.0035830719596150816 0.3311144537928569
529 4232 8.89550615235947 0.3620380737853993 2.215572775455977e-05 2.215572775455977e-05 0.00012528739441915754 0.0030703597934654274 0.3620380737853993
530 4240 8.45897717848476 0.39338320416515987 2.4372009221739745e-05 2.4372009221739745e-05 0.00012116911665091997 0.003022566367975193 0.39338320416515987
531 4248 6.917024528034855 0.3944040760716187 2.22889005365933e-05 2.22889005365933e-05 0.00011861752090845853 0.0029573677096443106 0.3944040760716187
532 4256 5.8289799544017065 0.3856461737623495 2.066846030212633e-05 2.066846030212633e-05 0.00011611173938757443 0.0027267304719430967 0.3856461737623495
533 4264 5.052886594764404 0.37713902163797475 1.896687120365936e-05 1.896687120365936e-05 0.0001077127177451077 0.0027952269392284078 0.37713902163797475
534 4272 5.6743585199682185 0.3619449416667003 1.9286250319962537e-05 1.9286250319962537e-05 9.756864466264474e-05 0.002657589767262552 0.3619449416667003
535 4280 5.754786802550553 0.34548179005420515 1.870234751333827e-05 1.870234751333827e-05 0.00010165712401543428 0.0030438872716785637 0.34548179005420515
536 4288 5.907029106567029 0.3857411126295655 1.7812522388324622e-05 1.7812522388324622e-05 9.0991346970594e-05 0.003039749741763181 0.3857411126295655
537 4296 6.243278478083239 0.38465741288907085 1.9082148567842302e-05 1.9082148567842302e-05 9.105032015125962e-05 0.002775776792326112 0.38465741288907085
538 4304 6.645638681701441 0.4527404332662824 1.761488854284337e-05 1.761488854284337e-05 8.7770297272684e-05 0.002711003004274546 0.4527404332662824
539 4312 6.1074855527509175 0.46991483241528914 1.880371901871884e-05 1.880371901871884e-05 7.773309974845797e-05 0.002640039254227253 0.46991483241528914
540 4320 6.959856181411984 0.4601187737318241 1.7361861997265805e-05 1.7361861997265805e-05 7.82880624526009e-05 0.002458346863842187 0.4601187737318241
541 4328 7.7240117002574395 0.47764461651323914 1.7304069622355484e-05 1.7304069622355484e-05 7.93675778040358e-05 0.0027102891830385707 0.47764461651323914
542 4336 9.968797608720177 0.5414288603238177 1.7796014392348164e-05 1.7796014392348164e-05 7.110956737645069e-05 0.002585530100658602 0.5414288603238177
543 4344 12.147204653778244 0.5557604079170639 1.947826645015009e-05 1.947826645015009e-05 7.201945553120135e-05 0.002495868749199312 0.5557604079170639
544 4352 11.472017168848222 0.5476893052471188 1.900306134888233e-05 1.900306134888233e-05 7.872049137477024e-05 0.0022416300555588467 0.5476893052471188
545 4360 12.010260810275891 0.5661708639495898 1.6762916167510176e-05 1.6762916167510176e-05 7.420845002854311e-05 0.0021638412619125295 0.5661708639495898
546 4368 10.526786172729809 0.559154964128217 1.702633860148485e-05 1.702633860148485e-05 7.868604105694807e-05 0.002128495633554845 0.559154964128217
547 4376 9.251140498962677 0.5201750282051472 1.6919399170589125e-05 1.6919399170589125e-05 7.380881314142939e-05 0.0020877003139872837 0.5201750282051472
548 4384 7.984040792295648 0.5279641394271328 1.4967678387001548e-05 1.4967678387001548e-05 6.912559857267172e-05 0.00208552533238725 0.5279641394271328
549 4392 7.125646471985551 0.515961741250955 1.3891462288688283e-05 1.3891462288688283e-05 6.804091071132676e-05 0.0018981906830107455 0.515961741250955
550 4400 6.06672884309985 0.5259130053021196 1.3563360338230819e-05 1.3563360338230819e-05 6.568433945380142e-05 0.0017044661626269696 0.5259130053021196
551 4408 7.93207368856433 0.5035515687491899 1.3622663246862036e-05 1.3622663246862036e-05 6.649944532151496e-05 0.0017385720283392171 0.5035515687491899
552 4416 8.962312932912365 0.5379678340205116 1.2911712168846587e-05 1.2911712168846587e-05 7.353613019046236e-05 0.0016950162940863127 0.5379678340205116
553 4424 8.356892983422544 0.5428694297922265 1.265979155092326e-05 1.265979155092326e-05 7.589986309246764e-05 0.0017834403107946178 0.5428694297922265
554 4432 7.949517450119226 0.4989540533969279 1.2201996606854968e-05 1.2201996606854968e-05 7.369817005647037e-05 0.001675494273250182 0.4989540533969279
555 4440 7.279972712353036 0.4972645430638009 1.1821419351955161e-05 1.1821419351955161e-05 6.55644175082849e-05 0.0017300394722992818 0.4972645430638009
556 4448 6.5035008926044835 0.45930663037533315 1.0943617632669889e-05 1.0943617632669889e-05 6.248228135774209e-05 0.0018049394782002476 0.45930663037533315
557 4456 6.187840567850828 0.45258228741483536 9.97020956063891e-06 9.97020956063891e-06 6.848778557545652e-05 0.0017459109553618001 0.45258228741483536
558 4464 7.351153075119487 0.47162447358646925 9.872292040162537e-06 9.872292040162537e-06 6.504577411356996e-05 0.0016930831844147321 0.47162447358646925
559 4472 9.141575028389042 0.5071427123742605 9.971819883388632e-06 9.971819883388632e-06 7.913765658852048e-05 0.0013798861436295662 0.5071427123742605
560 4480 10.586361490047437 0.5859202443967938 9.044018573072459e-06 9.044018573072459e-06 7.717694918810514e-05 0.0015603253090921265 0.5859202443967938
561 4488 10.805520487963566 0.5576595573385449 9.710311477373655e-06 9.710311477373655e-06 7.264419782592242e-05 0.001664398766693262 0.5576595573385449
562 4496 10.018613115485872 0.5666071105903253 1.0078757097586473e-05 1.0078757097586473e-05 7.38653762080959e-05 0.0018030054069006517 0.5666071105903253
563 4504 10.07018477761073 0.5484510849210901 9.886008543933784e-06 9.886008543933784e-06 7.44026343724162e-05 0.0015625293791831532 0.5484510849210901
564 4512 11.363880581594922 0.5226767866199031 9.585078870700209e-06 9.585078870700209e-06 7.982484956797103e-05 0.0015751005976990722 0.5226767866199031
565 4520 10.397252061627563 0.5976655344903152 1.0173303900400014e-05 1.0173303900400014e-05 7.783509228577313e-05 0.0013268197560768065 0.5976655344903152
566 4528 9.815321986019683 0.5496803348661061 9.97683016983733e-06 9.97683016983733e-06 8.221738107648176e-05 0.0011872052171397955 0.5496803348661061
567 4536 8.546164513351481 0.5510174668495756 1.071798061151071e-05 1.071798061151071e-05 7.54272280980005e-05 0.0011683096938841422 0.5510174668495756
568 4544 8.459832556751946 0.5570792814208767 9.78024303233677e-06 9.78024303233677e-06 7.193623900151271e-05 0.0011624636999555838 0.5570792814208767
569 4552 9.40079159196082 0.563260867185758 9.761637925304325e-06 9.761637925304325e-06 6.558534277324585e-05 0.0011429908947486335 0.563260867185758
570 4560 10.81078387915086 0.5712107711320061 8.724946056581981e-06 8.724946056581981e-06 6.902918942548623e-05 0.001219032184401558 0.5712107711320061
571 4568 10.36180233051759 0.5818275940501458 1.0057000975196097e-05 1.0057000975196097e-05 6.717134766974156e-05 0.001249606527198534 0.5818275940501458
572 4576 9.433808528046391 0.5468889264066388 9.865058790831359e-06 9.865058790831359e-06 6.570377062390593e-05 0.0013724471772632234 0.5468889264066388
573 4584 13.316478114141235 0.5606014852156366 9.816976135832144e-06 9.816976135832144e-06 6.601076996859432e-05 0.00114784124035626 0.5606014852156366
574 4592 13.475456915990502 0.5761780288663947 1.0151763393594419e-05 1.0151763393594419e-05 7.500604589764431e-05 0.0010866018101694929 0.5761780288663947
575 4600 11.544282681090397 0.6043048831187096 9.580057893305379e-06 9.580057893305379e-06 7.014730214738168e-05 0.0010713280297000186 0.6043048831187096
576 4608 10.5487360677197 0.5785016957784311 9.460922861159705e-06 9.460922861159705e-06 6.410269531455196e-05 0.0011700996830275256 0.5785016957784311
577 4616 10.786540480680946 0.5674077660566175 9.255129729121732e-06 9.255129729121732e-06 5.9728784746851595e-05 0.0011777403552941327 0.5674077660566175
578 4624 8.791052559109408 0.5860248776434951 8.124603622980756e-06 8.124603622980756e-06 6.374370946050424e-05 0.0012578132728790028 0.5860248776434951
579 4632 9.912088269534072 0.5489086621704644 7.222032844424028e-06 7.222032844424028e-06 6.33266188163299e-05 0.0012494635570865571 0.5489086621704644
580 4640 11.17261102210729 0.5390833980062721 7.993513318665682e-06 7.993513318665682e-06 6.291885516470645e-05 0.0013205706204457387 0.5390833980062721
581 4648 14.081222032652738 0.5451677916924108 7.330420743204216e-06 7.330420743204216e-06 7.050315929252459e-05 0.0013043329798966526 0.5451677916924108
582 4656 17.82567674103047 0.5530793651736674 8.112813884884427e-06 8.112813884884427e-06 7.013833543198159e-05 0.0013934896606918325 0.5530793651736674
583 4664 29.356518857254123 0.5728287480487907 8.529389013651898e-06 8.529389013651898e-06 7.71667242958036e-05 0.0013765326373413028 0.5728287480487907
584 4672 31.13732808552646 0.5959523979432804 8.142001928954396e-06 8.142001928954396e-06 7.373546167551094e-05 0.0015284766419629229 0.5959523979432804
585 4680 40.76455504410995 0.5654833292651595 7.919065302074732e-06 7.919065302074732e-06 7.534043606304931e-05 0.0014907036744171718 0.5654833292651595
586 4688 61.4822188206429 0.54538826833335 8.437480811157863e-06 8.437480811157863e-06 8.11859600639592e-05 0.0015440271918318823 0.54538826833335
587 4696 111.53593061247888 0.5565765986190816 9.59788037399569e-06 9.59788037399569e-06 8.295556953571459e-05 0.001534387379177277 0.5565765986190816
588 4704 229.6011513377258 0.5693719136742232 9.314490844540412e-06 9.314490844540412e-06 8.703575957139733e-05 0.001653618090089305 0.5693719136742232
589 4712 315.54609122123117 0.5833359304236477 7.5735021597836955e-06 7.5735021597836955e-06 9.171326148134877e-05 0.0018896985112510259 0.5833359304236477
590 4720 419.390469465663 0.5973999221029916 7.493839642242865e-06 7.493839642242865e-06 9.31022469986745e-05 0.0018712785634506536 0.5973999221029916
591 4728 463.38521083703665 0.6118257023759919 7.020525581745225e-06 7.020525581745225e-06 0.0001006109281619685 0.0019555641896026837 0.6118257023759919
592 4736 482.58899923826425 0.6118371377656617 7.781278669126307e-06 7.781278669126307e-06 9.417560276537257e-05 0.0019966502822402472 0.6118371377656617
593 4744 587.283958595482 0.6118516344815637 8.442944114530251e-06 8.442944114530251e-06 9.415307160731211e-05 0.0020509389758240275 0.6118516344815637
594 4752 515.7922642355074 0.6118654634636801 1.0619802896478013e-05 1.0619802896478013e-05 8.697132239705989e-05 0.002097973730932119 0.6118654634636801
595 4760 488.4166150115955 0.6118682994732654 1.2658711146069163e-05 1.2658711146069163e-05 7.296784717925127e-05 0.0021109188513090695 0.6118682994732654
596 4768 381.8388688845957 0.6118694765625949 1.2328955904004551e-05 1.2328955904004551e-05 6.780159839440859e-05 0.0021128864944540957 0.6118694765625949
597 4776 342.15426174286824 0.6118697552882933 1.0952293059720559e-05 1.0952293059720559e-05 6.066639510795909e-05 0.0021132930601780366 0.6118697552882933
598 4784 277.60338104151185 0.6118698183915661 8.890711944314074e-06 8.890711944314074e-06 5.918201821363568e-05 0.002113346170683237 0.6118698183915661
599 4792 249.50275240361097 0.6118698312566021 8.940584314416858e-06 8.940584314416858e-06 5.9181629667528826e-05 0.002113380760409124 0.6118698312566021
600 4800 202.00843854707838 0.6116983114952096 7.56916977323709e-06 7.56916977323709e-06 5.881832711921769e-05 0.0020964014420311794 0.6116983114952096
601 4808 159.0442536706007 0.6116983299269887 7.084170638260507e-06 7.084170638260507e-06 5.847608316223005e-05 0.0020963894175705317 0.6116983299269887
602 4816 146.80383477474524 0.6116983309990227 5.906772254262468e-06 5.906772254262468e-06 5.83867552816272e-05 0.0020963838811746843 0.6116983309990227
603 4824 145.60059260531696 0.613672457051869 4.903154162461444e-06 4.903154162461444e-06 6.255966611246275e-05 0.002187466052745529 0.613672457051869
604 4832 130.43418156974744 0.6141434428446558 4.743868697331183e-06 4.743868697331183e-06 6.300294990473738e-05 0.002203527248563943 0.6141434428446558
605 4840 113.34815273372723 0.6142632526287954 3.6388147504902035e-06 3.6388147504902035e-06 6.305261649822989e-05 0.0022076015269130514 0.6142632526287954
605 4840 113.34815273372723 0.6142632526287954 3.6388147504902035e-06 3.6388147504902035e-06 6.305261649822989e-05 0.0022076015269130514 0.6142632526287954
