% # columns="iteration, evaluation, sigma, axis ratio, bestever, best, median, worst objective function value, interquartile range, further/more values", seed=285079, Sat Sep  6 14:53:54 2025, <python>{}</python>
1 8 13.745932791631896 1.0000375007031337 41.19372452846357 4.1193724528463569e+01 377.23776226058146 1000.0 652.8553416136037   
2 16 12.294980479915179 1.1247501415411374 41.19372452846357 5.4573152879457702e+01 286.7454139189768 1000.0 215.40845636511747   
3 24 10.07138954683646 1.2989998821033735 41.19372452846357 5.5908417034843104e+01 382.7802803652148 1000.0 396.9385414867099   
4 32 9.817987610603753 1.5194282559944392 41.19372452846357 4.7875138538135886e+01 251.86741294587915 473.8644131626468 256.68934412876274   
5 40 10.689415121458676 1.5533006946523615 41.19372452846357 4.2107436067739130e+01 398.10785325320654 1000.0 374.7669754994464   
6 48 8.961432797461345 1.9214523072923164 41.19372452846357 6.2921306460637496e+01 333.0400676485022 475.4901515406149 247.574386680614   
7 56 10.22840845955095 1.77420529491087 41.19372452846357 9.7543721848944131e+01 405.3236318889345 1000.0 220.0169729774102   
8 64 9.884844771635812 1.9236324203593225 41.19372452846357 8.2872081914882500e+01 373.71854672675875 1000.0 213.44983588468355   
9 72 8.55384586395276 1.8022434746330207 41.19372452846357 7.0053280300769586e+01 179.8291986423131 474.81766291533984 188.96692612244675   
10 80 7.747905901525921 1.978344027698313 41.19372452846357 7.9708950453988251e+01 226.43648472782453 1000.0 287.5510567510039   
11 88 6.087085324284798 2.285336679741306 41.19372452846357 4.9764722516461383e+01 398.5231347479635 462.88753037299847 289.3779048035595   
12 96 5.251466732409766 2.3060016200278888 41.19372452846357 1.7084180244312205e+02 378.7414504451748 447.00941367478185 149.27843942120495   
13 104 5.691938180458072 2.4026203565192787 37.88307802730383 3.7883078027303831e+01 224.66185979038363 387.4255202725688 214.21138862169917   
14 112 6.194894721225609 2.523927833530344 37.88307802730383 1.7049110629233712e+02 429.88316326523017 462.82109401247607 229.9529156689553   
15 120 5.428538201499026 2.2691116227406987 37.88307802730383 8.9631012684170884e+01 331.9229951400902 494.77351062640344 234.66671626098076   
16 128 5.029233785721035 2.2324836902874656 30.541913979619018 3.0541913979619018e+01 277.93336249042534 402.3253420766798 245.12821967105904   
17 136 4.3035965417841835 2.473173641007828 30.541913979619018 8.0239176221870309e+01 393.7228670802157 499.59413111058683 327.8622452795337   
18 144 4.363789304724127 2.647965899988143 30.541913979619018 1.2477908766318831e+02 289.6057889040729 485.9437378297761 146.79733568828408   
19 152 4.237587488451147 2.4520114933944908 30.541913979619018 4.3189624893429794e+01 281.7811584270182 438.22655292738295 239.31738218880713   
20 160 4.63942939331828 2.5369707055535278 30.541913979619018 5.2416851719621761e+01 106.83791301099146 454.88969352772244 116.91441480864239   
21 168 4.613963329374131 2.3063334738620007 30.541913979619018 3.3433965346089863e+01 210.20422101339517 471.60057986908254 210.76318329342922   
22 176 4.728350221948548 2.1341205232785603 30.541913979619018 1.2076653960667323e+02 390.81440907760873 474.2551826048748 217.35380666847215   
23 184 4.998379392096115 2.012296564540645 30.541913979619018 1.4368804861309121e+02 242.24204664710567 360.98440806505164 107.7502885155242   
24 192 4.639040127784866 2.1834908172129395 30.541913979619018 4.4684892380515102e+01 387.1081707232887 465.83626855650914 204.79996843400866   
25 200 4.468210366702021 2.298438634053923 30.541913979619018 3.3658160766869614e+01 116.09520605292002 472.2635576150749 263.53173026477225   
26 208 3.9944643069145234 2.7289701674997944 30.541913979619018 5.5130084925365466e+01 289.1459359801162 498.1191830742249 215.76112165682042   
27 216 4.196778449087478 2.781414148733661 30.541913979619018 7.1401243178901694e+01 234.3607611136483 412.4532556287127 216.50972111353553   
28 224 4.261889293197484 2.813655946496805 30.541913979619018 4.7629259076301373e+01 362.44653841661176 432.2192736937899 201.7208930115283   
29 232 5.347313051944832 2.928131088004342 30.541913979619018 8.0713806802583861e+01 241.29145534127656 366.9650380639298 193.86733001078798   
30 240 5.737339250382556 2.5897722358017914 30.541913979619018 4.4981067371433355e+01 231.46079635727503 402.00296452394747 195.88844330316303   
31 248 5.459726506426015 2.817950147514317 30.541913979619018 1.6172049897539938e+02 265.89654194487264 457.44162792518546 172.47265547348593   
32 256 6.448878308012019 3.1840626223645634 30.541913979619018 1.8643852415971406e+02 304.43286927505625 495.90771016843746 196.90676714481805   
33 264 6.752908893664947 3.3494282566072995 30.541913979619018 3.7494031143883355e+01 253.7349139717169 424.07536976223196 204.96529762840592   
34 272 6.491485811844375 3.7555435844283322 30.541913979619018 4.1042764638075340e+01 206.61261629237055 322.28533370367205 96.47861348802886   
35 280 6.487427457237539 3.5974896291646927 30.541913979619018 3.0021757516998724e+02 340.49396657382556 453.20529924194426 67.56005925536846   
36 288 6.1268632604679 4.1546130123693095 30.541913979619018 3.9964179605072488e+01 361.2452834293989 462.80956860969115 362.6853040958661   
37 296 6.273327636155763 4.223347448782704 30.541913979619018 5.4769367614756973e+01 390.22658018381236 497.6119495261187 223.15531683329095   
38 304 5.817956220970045 3.9339025096582176 30.541913979619018 4.2777704968731960e+01 201.353652791505 459.0126579428044 319.20598544104666   
39 312 5.408268920247049 4.2088116818999 30.541913979619018 8.9105719490194573e+01 257.33785637630774 499.24799128975764 157.1156867991271   
40 320 4.864548181333686 4.596756737963945 30.541913979619018 4.4811160069556188e+01 200.99683068292467 387.0428701991706 220.67190676979823   
41 328 4.472286905821528 3.9456215205380225 30.541913979619018 4.6549743240905840e+01 164.61425148018645 456.4445105390528 139.3085336633296   
42 336 4.067712419274364 3.9213366960627893 30.541913979619018 4.0531421608526252e+01 227.071617833292 498.02395252664655 230.45645152420315   
43 344 4.036618489997958 4.961316746439188 30.541913979619018 6.2908100563485981e+01 367.39700879432144 466.52170112873324 129.41814014034435   
44 352 4.231530450200936 5.428499432990891 30.541913979619018 3.3629165747252706e+01 276.26788912163136 444.86737612663745 259.2045558518563   
45 360 4.914585702097489 6.81977563195553 30.541913979619018 6.7981070806594573e+01 295.65164263811505 440.4321678747912 275.37526827505667   
46 368 7.161855407900353 7.171116615869274 30.541913979619018 3.8629395949403595e+01 298.0811379349674 490.74816563846366 272.366028934651   
47 376 8.62923239342883 8.605453397687068 30.541913979619018 3.9523641063221170e+01 415.7708126268164 476.11539625278454 269.97777709044817   
48 384 7.029701416317626 9.667897979220411 30.541913979619018 3.7261824849629690e+01 375.30997611692595 427.5094184626585 275.35516788366476   
49 392 6.5576784984835195 9.073402250560655 30.541913979619018 1.1147495180764764e+02 212.51777789451586 478.18687165684145 245.20060465245052   
50 400 7.207077046999111 11.06617933950121 30.541913979619018 3.4242410375003928e+01 439.9776937621153 495.10637665853574 282.1831273243041   
51 408 6.37034829253292 11.05974398111757 30.541913979619018 4.3602952312794002e+01 174.79419447361533 445.88979163337757 299.5801783365116   
52 416 6.085734646063055 11.816708431003788 30.541913979619018 6.4444838395207412e+01 297.38078167459173 376.27355987591324 201.99836609194278   
53 424 5.807154193068698 11.775227100074503 30.541913979619018 1.0396381073367324e+02 314.0889376506549 384.1356497455065 192.73646884883638   
54 432 5.018848673258023 12.204501093553887 30.541913979619018 1.1225531085955497e+02 384.8109656396367 1000.0 527.8432781807237   
55 440 5.161249204893831 13.588619195360272 30.541913979619018 9.5348434730087746e+01 327.0619872172988 426.77809357442084 234.01851730274726   
56 448 4.798460460248183 14.762103863556128 30.541913979619018 5.6510366702520784e+01 143.89953894643816 489.44115203358837 106.67183597778163   
57 456 4.377518692067089 15.551081688988322 30.541913979619018 5.1294223315171266e+01 258.18234657436574 449.3804703787821 239.6643624896529   
58 464 4.195066362362602 14.52342850895818 30.541913979619018 8.2185444012644723e+01 340.92613904176204 490.70600557308506 227.9583976984126   
59 472 4.1832368519265755 17.424570911419817 30.541913979619018 1.3489591319947624e+02 284.82930667543087 498.1986105422497 303.9202931228552   
60 480 4.66329072623613 18.63030793149799 30.541913979619018 4.3940594367146524e+01 355.93514309134133 486.8104569219058 280.394317675921   
61 488 4.467696557659312 20.351544171546628 30.541913979619018 4.2015631639534746e+01 174.40286916807787 448.0014975415071 225.08601187536829   
62 496 4.983118875981844 21.776111732872234 30.541913979619018 6.9535408065668577e+01 306.48723107719724 495.5262479214984 348.88960445644636   
63 504 5.527238984637894 22.643706930472604 30.541913979619018 5.9533149437892504e+01 334.9537142633093 453.9884973278908 231.87084093020087   
64 512 5.338383365179012 22.52737076323895 30.541913979619018 7.6126257457183513e+01 275.00332499939964 455.03812239866767 196.1223707141772   
65 520 5.413535651238595 22.77581419684761 30.541913979619018 9.7821933212240168e+01 371.0941371878646 496.0780412758957 237.73751469996526   
66 528 6.19732798029925 27.296322913379964 30.541913979619018 4.1975409087477217e+01 275.58020441949066 410.88899938862335 150.0061605106646   
67 536 7.424220321606317 25.37384727776725 30.541913979619018 8.2392271278228364e+01 401.6815959015762 444.32062051368047 131.82142979291052   
68 544 8.74828802393792 19.73376755654928 30.541913979619018 4.3006566042562042e+01 240.50558427021372 386.66541074552833 136.50206109527673   
69 552 9.895127829931395 18.490823493105307 30.541913979619018 1.1680487886932856e+02 344.4384136591755 452.32837138117617 196.58056078155124   
70 560 9.940335710245884 16.89595850095868 30.541913979619018 3.7925244640816246e+01 344.41279937056834 481.00585603076576 241.42622966478086   
71 568 10.350621321003413 19.716737474339997 30.541913979619018 4.4804812099551626e+01 232.90370332988965 447.22115753318116 150.1838919646176   
72 576 10.059964036066333 16.78950111038024 30.541913979619018 3.9150605806221336e+01 306.58277965623415 449.5313525314241 130.56202950480866   
73 584 9.14198101016193 16.80427734486966 30.541913979619018 3.1179364572097025e+01 395.29143048405587 1000.0 297.4883878965679   
74 592 9.052499979274723 19.416645472610394 30.541913979619018 4.7482863124148068e+01 278.9530825844113 486.8244350475542 221.0891336644602   
75 600 9.712007846917947 17.801902679615914 30.541913979619018 3.4330542564043583e+01 164.97990257987988 427.0202629625479 181.0896360662793   
76 608 13.380171780539538 15.91479655439181 30.541913979619018 6.2486482750221676e+01 224.28164917658216 467.07082918439664 223.01133744634075   
77 616 18.87210155530237 16.295691309132977 -2.5561601492762556 -2.5561601492762556e+00 400.865097585907 497.890014470177 335.5913143356711   
78 624 33.08442936943149 14.65192765078319 -2.5561601492762556 3.9836513265109545e+01 372.53736765075894 1000.0 288.8555450647334   
79 632 56.294340918009055 12.910255684358336 -2.5561601492762556 -6.3208561390638174e-01 179.11743828234415 361.899843606668 159.258487469386   
80 640 97.09726448664746 13.979277931129811 -2.5561601492762556 -2.5561601492762556e+00 -2.5561601492762556 1000.0 384.6308164506899   
81 648 97.81184481968695 14.718970618638565 -2.5561601492762556 -2.5561601492762556e+00 1000.0 1000.0 865.1529978062408   
82 656 78.67719308258006 16.90125437602304 -2.5561601492762556 -2.5561601492762556e+00 277.5482429000511 1000.0 899.1683846848503   
83 664 74.24810543346513 21.189516275597068 -2.5561601492762556 -2.5561601492762556e+00 -2.5561601492762556 345.1910798373258 144.66431934351212   
84 672 61.682910645233335 25.69205511584146 -2.5561601492762556 -2.5561601492762556e+00 -2.5561601492762556 1000.0 116.48301056400021   
85 680 48.11429803583919 30.86010515956972 -2.5561601492762556 -2.5561601492762556e+00 196.80130344764967 1000.0 675.9401571797008   
86 688 46.91392864648356 43.16212303351842 -2.5561601492762556 -2.5561601492762556e+00 129.2922344236348 1000.0 282.77172783897106   
87 696 39.25601057245244 43.924616688047145 -2.5561601492762556 -2.5561601492762556e+00 221.68509043573405 1000.0 365.96128370666554   
88 704 36.02944833002522 43.49623063465079 -2.5561601492762556 -2.5561601492762556e+00 320.8130177903466 1000.0 438.7709833673696   
89 712 27.948832903637275 48.67827262654511 -2.5561601492762556 -2.5561601492762556e+00 227.55366506798163 1000.0 678.3404115867871   
90 720 22.92538937694923 52.1281129528735 -2.5561601492762556 -2.5561601492762556e+00 112.10006401672057 1000.0 323.53005120658247   
91 728 19.47543386035532 62.76408779029796 -2.5561601492762556 -2.5561601492762556e+00 285.14803192817044 450.7239806542568 399.04811099372483   
92 736 18.652067037189934 64.1125644700074 -2.5561601492762556 -2.5561601492762556e+00 171.92175883162517 417.58253128059613 293.24671899083046   
93 744 16.33655821340673 89.15883033675752 -2.5561601492762556 -2.5561601492762556e+00 225.50217634345486 412.1296092472563 378.41383010011657   
94 752 12.820631516292229 112.1706400845426 -2.5561601492762556 -2.5561601492762556e+00 -1.6653330719470993 406.61025305216356 243.24369183957197   
95 760 10.729794097204469 134.33258534560096 -3.2095228892564833 -3.2095228892564833e+00 167.18556070983175 460.3093003420659 312.8962187752292   
96 768 8.208038583538396 141.3397682928129 -3.2095228892564833 -2.5561601492762556e+00 286.7681866263391 403.172552938331 356.3138403112222   
97 776 7.06870063022934 137.99493074948901 -3.2095228892564833 -2.5561601492762556e+00 85.88675588026746 416.35315730599586 207.35659727076094   
98 784 5.702516016315096 155.3933068587329 -3.2095228892564833 -2.5561601492762556e+00 134.3463846220525 275.76274453755326 189.83358603893436   
99 792 6.416214235119055 146.14538920602885 -3.2095228892564833 -2.5561601492762556e+00 284.8904127814001 436.82078915846324 369.8210327193399   
100 800 6.1125995092834025 137.01005963878845 -3.2095228892564833 -2.5561601492762556e+00 52.764103649600074 320.0602988207221 105.21155500627708   
101 808 7.546895493719244 130.4877759355351 -3.2095228892564833 -2.8245943108201041e+00 364.91640053130834 395.6566285822648 289.96094695233603   
102 816 7.648059305829877 101.8195259449366 -3.2095228892564833 -2.5561601492762556e+00 188.5225830417945 441.38863607458626 321.0652544990008   
103 824 6.774470537618306 89.75840519855731 -3.2095228892564833 -2.5561601492762556e+00 -1.7721228379011151 290.25235929181326 198.67068544063295   
104 832 5.155104040165927 99.00791610605592 -3.2095228892564833 -2.5561601492762556e+00 151.98236103893558 233.79515866793557 187.06687838031434   
105 840 4.378094957638459 108.18691054221078 -3.2095228892564833 -2.5893342539668120e+00 -2.5561601492762556 395.8658952179833 83.5876648878969   
106 848 3.949082337216916 106.31625501885779 -3.2095228892564833 -2.9252879801392560e+00 -0.10425476133823608 167.40439109189342 56.39854569752153   
107 856 3.8913955311451955 112.98315086501549 -3.2095228892564833 -2.5561601492762556e+00 -0.8854967048764237 415.14213091639954 203.364786760445   
108 864 3.4898011737259225 118.40217624470223 -3.2095228892564833 -2.5561601492762556e+00 249.70343813193344 425.7982643432955 215.09270420038715   
109 872 3.883922718849034 107.8737298406017 -3.2095228892564833 -3.1556834515929255e+00 -2.5561601492762556 495.6646415329255 186.94070244135207   
110 880 3.2218835510792743 105.44540323677231 -3.2095228892564833 -2.5561601492762556e+00 240.10109529355134 428.45665657564825 254.60932088750968   
111 888 2.8368782310584524 117.1438046980137 -3.2095228892564833 -2.5561601492762556e+00 -1.708142800927165 434.12552899282457 217.38131099630468   
112 896 2.728071692044571 114.1214140787816 -3.2095228892564833 -2.5561601492762556e+00 -1.2387505045533178 294.9111822285637 54.01756596191085   
113 904 2.3528037909489483 110.23642716707664 -3.2095228892564833 -2.5561601492762556e+00 43.78743792468795 452.3285990437603 268.18089333072334   
114 912 2.5878063361024224 102.34364344045592 -3.2095228892564833 -2.9345025512576139e+00 144.04046917090437 356.5204302714606 284.539043836071   
115 920 2.7838712985615586 92.22013623206632 -3.2095228892564833 -2.5675970789790190e+00 -2.314781778454778 222.51644592804237 0.5071603648364511   
116 928 2.851776894899884 89.67166871581779 -3.2095228892564833 -2.5834029084444072e+00 -2.3135680624842623 68.60523730473349 0.7818318423628794   
117 936 2.809483007828142 91.60558584244335 -3.2095228892564833 -3.0027602159976983e+00 -1.2789148381352433 131.7275396678247 70.47667140346003   
118 944 3.045409516208565 83.68586192258113 -3.2095228892564833 -3.0490513589978230e+00 -1.9817156818509138 328.92645054534546 188.08973155085135   
119 952 3.4334965484319064 77.076140157261 -3.2095228892564833 -2.5561601492762556e+00 250.93948075896253 447.86041175686626 354.22909316443486   
120 960 2.651757435524069 69.281238913807 -3.2095228892564833 -2.5742679542303062e+00 -1.626236833631995 309.6779302460663 103.91117101550806   
121 968 2.4652775897267185 72.71519331684334 -3.2095228892564833 -3.0216993084549948e+00 -1.5680862206220638 269.98738853152963 0.872040118575097   
122 976 2.1741836816659417 71.02511686868043 -3.2095228892564833 -2.6445618134737030e+00 310.7418398769106 415.61033070812493 281.3732494120717   
123 984 2.870386340704456 66.7741069976071 -3.2095228892564833 -2.5561601492762556e+00 -2.428629914224146 362.3298924480715 176.4237895729759   
124 992 3.0942754698372568 57.242707670878694 -3.2095228892564833 -2.9245241338014605e+00 -2.2619488799572 235.69796809582948 0.8123621951043591   
125 1000 3.955384289100826 54.086306161510805 -3.2095228892564833 -3.0521826818585440e+00 125.83076680011884 494.0638920795044 311.78367208809595   
126 1008 4.166132699260541 64.31919683562563 -3.2095228892564833 -3.0595422473549849e+00 -1.9451269710063963 437.29485712355984 250.90207643966184   
127 1016 3.879683537030836 61.470981655212924 -3.2095228892564833 -2.3495027151703844e+00 172.38583293476222 406.0751721016209 233.7773063437353   
128 1024 4.465626809293291 54.84566381929493 -3.2095228892564833 -3.0622189322113975e+00 -1.6872920706868157 465.30175912047656 1.106865160614252   
129 1032 4.059909871991241 41.22713483752108 -3.2095228892564833 -1.8596067997813250e+00 250.38457272543135 351.5594614219933 267.6174384809122   
130 1040 3.4418438305912584 43.46382780080933 -3.2095228892564833 -2.1091499486565617e+00 -0.4938251402974103 446.5983100858907 136.24074993372966   
131 1048 3.0876742411969116 49.87467434111212 -3.2095228892564833 -2.2680836310982713e+00 67.1386791666623 310.3769352035751 210.84791796830993   
132 1056 3.1020770048568536 46.37369031057555 -3.2095228892564833 -2.9368425378203415e+00 -0.4574722239375095 403.5463734405702 198.79958139647738   
133 1064 2.7615440106665097 44.32317962461347 -3.2095228892564833 -2.6293385490775130e+00 -1.9449077484011674 494.0603307675185 137.59824813644062   
134 1072 3.381294848616614 45.898966424157344 -3.2095228892564833 -2.3048111465573324e+00 -2.1272539153695114 -1.980503937005997 0.21208584353327842   
135 1080 3.394534541656186 35.662709363465154 -3.2095228892564833 -2.9253930419683476e+00 -0.7744807940721508 330.59684817572463 242.29993539802118   
136 1088 3.0644389678421518 37.641634031895684 -3.2095228892564833 -2.8319574913382528e+00 -2.1041276586055773 432.32789308432905 309.0796055354941   
137 1096 2.7414684894630934 38.19161049255897 -3.2095228892564833 -2.7460687777399961e+00 -1.6767802542448038 448.9643072211409 248.10653027996105   
138 1104 2.4813490028403358 36.214343977811616 -3.2095228892564833 -2.8763621100783361e+00 -2.537277471423147 208.21322430769334 0.905628298670055   
139 1112 2.141526205366256 35.87211312235004 -3.2095228892564833 -2.9876902064681063e+00 266.4779713056931 323.36480882487024 288.3879614774673   
140 1120 2.0000178456214113 36.990593280424015 -3.2095228892564833 -2.7618659245967887e+00 -2.504954007267955 -2.295231248736382 0.23270956382155505   
141 1128 1.8169895942790466 39.843984601396485 -3.2095228892564833 -2.9119903731346142e+00 -2.5099591836333275 355.4930683583427 0.4796838535368453   
142 1136 1.3858854374455682 39.83604814109879 -3.2095228892564833 -2.9399418237805381e+00 -2.357104173302652 -1.9196257677674318 0.4195939868688576   
143 1144 1.432174126685465 41.153548674169855 -3.2095228892564833 -2.7995416584610968e+00 -2.68599555641413 -2.595131223201755 0.09793394774198427   
144 1152 1.4578528956943517 44.85072133646117 -3.2095228892564833 -2.9567731019854566e+00 -2.755708195567136 -2.348866273462775 0.15880834057927418   
145 1160 1.770271453448755 38.275410695707244 -3.2095228892564833 -3.0175960987806363e+00 -2.9233498400449776 -2.6446062570810334 0.1517393729090677   
146 1168 1.8223682346266328 36.0294217925181 -3.2095228892564833 -3.0031836673617383e+00 -2.4926203575730312 417.88777159106274 204.33545635921098   
147 1176 1.9699797491737332 35.23898513173503 -3.2095228892564833 -3.0817438617348696e+00 -2.6708856916427646 436.24416523188205 304.81969688695875   
148 1184 2.9256743057687937 31.73944727469065 -3.2095228892564833 -3.0986256292462375e+00 -2.481314902007581 306.135592436834 1.9505128979682933   
149 1192 3.670163427062071 29.89475627099227 -3.2095228892564833 -3.1298308661580112e+00 -2.8899402558803526 -2.6187586376071 0.33950685903430244   
150 1200 3.482801548254457 29.743966883078368 -3.2095228892564833 -3.0302650284767161e+00 -1.8089709869027155 308.29946328998267 65.84864982947245   
151 1208 3.7608684321226376 32.39367233621833 -3.2095228892564833 -2.9040684163570383e+00 -2.494585905671123 209.22599247280445 1.1239340828359126   
152 1216 3.677078402334022 36.49818996608402 -3.2095228892564833 -3.0525863718986503e+00 -2.8350209882855406 -2.017315829992296 0.4418232554197332   
153 1224 4.167578530746909 34.67508799471744 -3.2279048579931304 -3.2279048579931304e+00 -2.7875834542512923 121.56149243679835 0.6282440811395626   
154 1232 4.3929420010342195 31.53565877445949 -3.3050972646474897 -3.3050972646474897e+00 100.25814506085496 335.73904265959453 157.8717447021128   
155 1240 4.423074054941561 29.72646543302344 -3.3050972646474897 -3.2989188382029564e+00 -2.4164441484212897 376.18190415186723 188.97432687987174   
156 1248 5.005892112545643 33.16562542605963 -3.3050972646474897 -3.1869077169895199e+00 -2.77134295552969 427.0496602370817 0.5923142321407782   
157 1256 4.888002090063932 38.20781317541876 -3.377399485707282 -3.3773994857072820e+00 -2.2968170598149307 474.44335563641494 189.26745561369458   
158 1264 4.169965099936876 44.65824467765044 -3.377399485707282 -3.2744220411777523e+00 -1.6745270845294016 435.83041723107755 279.1344141964082   
159 1272 4.501702865172593 55.501125999131304 -3.377399485707282 -2.9720357567071929e+00 -2.3460461017489473 239.57607478126877 89.6283622821174   
160 1280 4.388652502456732 68.98463210091337 -3.377399485707282 -3.2398846814036402e+00 -2.418328826725485 295.74126100012995 1.2862418514490148   
161 1288 3.5056023793450475 79.85139165342348 -3.377399485707282 -3.2961279544234294e+00 -2.4139069089293486 37.25444957128489 1.5528401774168041   
162 1296 3.4086382094414622 100.233637956938 -3.377399485707282 -3.3259047010540952e+00 -3.0910080841183687 422.8259869855715 0.28254820480942877   
163 1304 4.464095982498437 128.47130862318116 -3.460830188393593 -3.4608301883935928e+00 -3.1781002610921885 279.00989809870407 0.3241786757111549   
164 1312 6.6537347502020285 131.1886204089283 -3.5391307795047746 -3.5391307795047746e+00 -2.525770138800148 457.51936701247007 54.09786435880734   
165 1320 9.40034758534338 144.126810949621 -3.5391307795047746 -3.4562099856138215e+00 141.0970624043722 488.29498381231247 218.90856779646785   
166 1328 9.684262114828513 171.6237140614346 -3.5391307795047746 -3.4943107438087448e+00 -0.4874012678861632 429.7421619822033 171.19330426188884   
167 1336 10.940006980172164 234.83155426777262 -3.5391307795047746 -2.7300230407714885e+00 175.6088029395691 459.157277819071 251.08620893909674   
168 1344 13.712392584147933 265.88691649330883 -3.5391307795047746 -1.9648192408680938e+00 83.50453164222526 432.16770969982076 311.4819784754512   
169 1352 28.975298015063082 224.89059130115098 -3.5391307795047746 -1.0957096368074399e+00 254.8244671794808 393.23785229476255 317.29419558633543   
170 1360 70.27944237489264 192.22523724207437 -3.5391307795047746 -1.3523605540394481e+00 178.92567507018364 435.10685523843745 246.43411200706797   
171 1368 191.03933112190526 194.06244031169942 -3.5391307795047746 1.0547647778536660e+02 298.94808081646 452.7585870550205 171.30125235508336   
172 1376 519.2987423096456 176.90414132920566 -3.5391307795047746 -2.8261083173751258e+00 282.5557409692459 446.2336852164822 292.9067963155911   
173 1384 1411.600334761946 187.51979082427496 -3.5391307795047746 7.7704605933722192e+01 384.548337486641 1000.0 813.1516083098304   
174 1392 3837.1275390301025 173.01087871335812 -3.5391307795047746 5.5402545877876960e+01 405.76900838246945 1000.0 604.523161843275   
175 1400 10430.394062825302 175.33863001246104 -3.5391307795047746 2.3060678661145940e+02 1000.0 1000.0 252.25094985955252   
176 1408 16455.20505065556 163.15068819110257 -3.5391307795047746 2.0765949645653589e+02 1000.0 1000.0 335.0833250334804   
177 1416 18185.728231877572 211.39901218109756 -3.5391307795047746 1.2337234386423989e+02 1000.0 1000.0 600.5203189652146   
178 1424 16501.335926784926 291.0483220369152 -3.5391307795047746 1.3642826675859263e+02 407.24937994063924 1000.0 738.8529044083007   
179 1432 13236.148656369121 406.5897658336339 -3.5391307795047746 1.6258847142857417e+02 346.1899153367475 1000.0 761.8318193149659   
180 1440 10747.704179474265 570.1232892663141 -3.5391307795047746 4.3363479127226512e+01 1000.0 1000.0 0.0   
181 1448 10914.956396293554 706.0413589559374 -3.5391307795047746 1.2991159378876389e+02 1000.0 1000.0 791.2101907214329   
182 1456 9851.706009824655 632.1262205957029 -3.5391307795047746 9.9317920673274472e+01 1000.0 1000.0 421.55448859260537   
183 1464 9035.629031721604 617.5254831407891 -3.5391307795047746 5.0348525523186893e+01 1000.0 1000.0 761.1978937170765   
184 1472 7413.085898499507 777.6908835972225 -3.5391307795047746 1.5757142541797901e+02 1000.0 1000.0 664.5313415252151   
185 1480 6060.9699143499065 980.9166074146495 -3.5391307795047746 6.2325777030660738e+01 1000.0 1000.0 683.9280349059137   
186 1488 4609.049206166843 1280.3169367130251 -3.5391307795047746 7.5209639800206858e+01 1000.0 1000.0 630.9226778089699   
187 1496 3799.0773930054206 1804.8685693307796 -3.5391307795047746 3.0697145054430257e+02 1000.0 1000.0 590.7295313996237   
188 1504 3281.971976517616 2242.187014841647 -3.5391307795047746 1.3468374376515294e+02 396.1110952473116 1000.0 755.591330585192   
189 1512 3047.8432856026475 2464.655202582303 -3.5391307795047746 7.1199509017748284e+01 1000.0 1000.0 853.854365029475   
190 1520 3273.6330773520954 2866.782997515289 -3.5391307795047746 3.6791893369828614e+01 418.4630920042017 1000.0 707.7691079635217   
191 1528 2694.472600474589 2794.5801606971254 -3.5391307795047746 3.0746456251627126e+02 1000.0 1000.0 271.6718309449633   
192 1536 2357.0039590903434 3335.370164658915 -3.5391307795047746 1.4871429075554499e+02 1000.0 1000.0 699.7667969176061   
193 1544 1846.4801434347953 3757.4683847249385 -3.5391307795047746 9.0063979815481417e+01 402.74587258914676 487.399015259818 149.67366091110347   
194 1552 2363.3167392180653 4462.4006152040665 -3.5391307795047746 1.5225995306140766e+02 387.13866830638875 1000.0 493.09028828629323   
195 1560 2214.0743970107224 3551.9088921989196 -3.5391307795047746 1.4768109813488041e+02 1000.0 1000.0 733.3854373602666   
196 1568 2008.9163752563395 3676.4446320417896 -3.5391307795047746 7.0608300678900648e+01 436.1414978905177 1000.0 783.6096718992346   
197 1576 1736.5729422596432 3892.3108421996567 -3.5391307795047746 4.3406695131949391e+01 281.80775124731366 1000.0 882.1913948269008   
198 1584 1527.3338868639262 4827.920888294601 -3.5391307795047746 7.2376324573434374e+01 1000.0 1000.0 787.9102407952541   
199 1592 1141.0236931604034 6215.691832632364 -3.5391307795047746 1.3950875432907949e+02 358.8401834769069 1000.0 232.28350028807887   
200 1600 897.3238720261977 8443.198975849167 -3.5391307795047746 8.6954964450476012e+01 1000.0 1000.0 593.5839104373184   
201 1608 1034.7685886025085 9873.171291945957 -3.5391307795047746 6.2764181924702307e+01 1000.0 1000.0 700.7043485737811   
202 1616 858.0354686086272 8837.255069959134 -3.5391307795047746 3.4549955398164553e+02 1000.0 1000.0 567.212200268368   
203 1624 643.0479810064817 9317.057680680093 -3.5391307795047746 1.7369686819898843e+02 471.03427800644386 1000.0 623.2947983722172   
204 1632 1006.8235555077891 11155.767712651934 -3.5391307795047746 7.4791460242295898e+01 1000.0 1000.0 729.5115643031138   
205 1640 1674.0271157683792 10246.950016598461 -3.5391307795047746 2.1325714890108270e+02 411.7096587198319 1000.0 470.7581362680262   
206 1648 1517.6292837828112 10438.597090449897 -3.5391307795047746 1.0149850835015300e+02 468.689216503445 1000.0 730.9697043249377   
207 1656 1213.669038800432 7438.5675927401835 -3.5391307795047746 3.8703993201708471e+01 484.96923424251105 1000.0 871.2384192367557   
208 1664 990.1007277174141 9604.768346546247 -3.5391307795047746 1.1220591448378978e+02 389.35297145591886 1000.0 804.8754356414534   
209 1672 787.7664142323072 11621.419510953227 -3.5391307795047746 5.1098673945850152e+01 375.219155220157 1000.0 520.680748674999   
210 1680 626.5807206600141 10918.211744995786 -3.5391307795047746 9.5830071732146763e+01 1000.0 1000.0 607.859424598854   
211 1688 829.5456524900608 12945.247589773111 -3.5391307795047746 4.2196811754418221e+01 371.00651892956387 1000.0 915.6131925029865   
212 1696 853.1052432465267 12251.817411948292 -3.5391307795047746 1.9507854590393663e+02 499.93511464861064 1000.0 647.5927047008461   
213 1704 692.1155225094573 8818.158937410073 -3.5391307795047746 2.1291769252035795e+02 451.3689353949851 1000.0 501.7817564660204   
214 1712 1171.633021963201 9884.141887060647 -3.5391307795047746 1.0421610937709681e+02 1000.0 1000.0 273.9317633294236   
215 1720 998.9916442138496 9068.077594947557 -3.5391307795047746 3.2526650313914394e+02 1000.0 1000.0 597.8077732819164   
216 1728 791.8307215853495 9690.211273792387 -3.5391307795047746 4.3045565017943474e+01 1000.0 1000.0 803.2407252634144   
217 1736 842.187176911815 11427.305278322694 -3.5391307795047746 8.5777003382088509e+01 1000.0 1000.0 829.9020943740347   
218 1744 1044.9831197235249 9540.585429122155 -3.5391307795047746 6.7792052721648091e+01 371.75088003767155 1000.0 812.3704828341661   
219 1752 830.1374541230106 6788.210970776306 -3.5391307795047746 8.5884692693976092e+01 483.578109253398 1000.0 503.23898493938935   
220 1760 837.3942165410268 8809.615541926038 -3.5391307795047746 5.3618689767956283e+01 440.8026263739853 1000.0 614.7747123552198   
221 1768 1038.3875323070959 7970.976485039752 -3.5391307795047746 8.7577833509955923e+01 433.382082048645 1000.0 835.7203352188711   
222 1776 997.4374238793744 6869.912948440281 -3.5391307795047746 5.8241064389256351e+01 238.36820823641537 473.68159446163577 198.28267280278783   
223 1784 759.936866028889 6274.403688900019 -3.5391307795047746 1.2987026598411137e+02 1000.0 1000.0 788.0517466191773   
224 1792 766.3611826367749 7998.2780827632805 -3.5391307795047746 1.2233883378056154e+02 315.640191469902 1000.0 185.89888213794646   
225 1800 901.7346950368933 7489.0550003216495 -3.5391307795047746 1.5915187725204726e+02 401.80740096181376 1000.0 714.7287658520468   
226 1808 1008.7301302050245 5822.000893114343 -3.5391307795047746 1.5757739085573593e+02 338.6408024929121 1000.0 497.5381309144682   
227 1816 1663.215892510896 4567.118382263241 -3.5391307795047746 7.4898008376129184e+01 1000.0 1000.0 0.0   
228 1824 1327.1813687570489 4215.967789768781 -3.5391307795047746 1.6068888683019128e+02 1000.0 1000.0 711.8493297799738   
229 1832 1348.7351412924156 4220.036702927985 -3.5391307795047746 1.0351475877236130e+02 1000.0 1000.0 849.0558444936246   
230 1840 1687.4738181698353 4151.887234859399 -3.5391307795047746 1.6873149332664428e+02 406.8143382669969 1000.0 242.95828611683714   
231 1848 1614.5850099783702 2925.2684307156655 -3.5391307795047746 3.1052569992803889e+01 1000.0 1000.0 557.5348081223575   
232 1856 1176.141090314277 2496.5824729466885 -3.5391307795047746 1.9158609865052301e+02 1000.0 1000.0 262.2168786004529   
233 1864 1281.728825665893 2778.41377835222 -3.5391307795047746 7.6071830781130984e+01 1000.0 1000.0 744.8000054118438   
234 1872 1334.437715683711 2679.729295642052 -3.5391307795047746 1.7739001599919999e+02 1000.0 1000.0 761.8950039782986   
235 1880 1387.8948454678264 2349.0289504162056 -3.5391307795047746 3.1142157343062856e+01 1000.0 1000.0 801.378368022814   
236 1888 1343.653722506144 2002.8059518615687 -3.5391307795047746 1.2602768919310854e+02 266.2029934938454 1000.0 553.2441647089395   
237 1896 1271.560684338384 1998.4203103647314 -3.5391307795047746 1.4890786044385106e+02 495.5273723263057 1000.0 666.1574239101599   
238 1904 1725.6810544061937 1992.0385773757992 -3.5391307795047746 1.1587025713261679e+02 268.59888402388924 1000.0 542.4253749756544   
239 1912 1497.8691591103022 2047.7162363917 -3.5391307795047746 6.5146536505094673e+01 1000.0 1000.0 852.6606602939057   
240 1920 2565.0642259984297 1635.1139971262646 -3.5391307795047746 6.1690431299094769e+01 228.13425897329626 1000.0 636.9346447738999   
241 1928 2108.7812655253656 1471.8292901682323 -3.5391307795047746 6.8773737509914952e+01 190.51408439680029 1000.0 574.9458882432759   
242 1936 1788.9200380726684 1715.0183543609533 -3.5391307795047746 7.3743671268087411e+01 1000.0 1000.0 658.1318923905708   
243 1944 1324.5159421524456 2364.564491303075 -3.5391307795047746 1.0261886179433199e+02 414.5437037238046 1000.0 835.2095548646241   
244 1952 1133.8471908782012 3148.569602851092 -3.5391307795047746 2.7777783271608689e+02 1000.0 1000.0 356.70216264237126   
245 1960 1024.131301290052 3980.1398774385148 -3.5391307795047746 1.1572602480883131e+02 356.93117008484734 1000.0 836.6128394363783   
246 1968 871.6787079721192 4227.975994791588 -3.5391307795047746 1.9797783851263745e+02 362.5606950621797 1000.0 734.6948627815509   
247 1976 911.3920984064956 4789.763141090466 -3.5391307795047746 4.6825972909878637e+01 207.18950373560259 396.2273196188779 161.3804290561014   
248 1984 798.6707883217014 4604.78227361581 -3.5391307795047746 1.8433864419715329e+02 372.15150671055073 1000.0 422.17806587452276   
249 1992 782.6050615031737 5260.434353106378 -3.5391307795047746 7.6904054398702158e+01 425.4375796712284 1000.0 519.8243199742817   
250 2000 1020.1776899547881 6049.089209726842 -3.5391307795047746 3.0176378544672254e+01 282.35874775391324 1000.0 606.6971535605986   
251 2008 916.3027314363887 6262.8227889282725 -3.5391307795047746 4.9933617428184633e+01 480.025782069004 1000.0 865.4075144571127   
252 2016 999.60761654352 5529.588802941535 -3.5391307795047746 3.9616612400434809e+02 1000.0 1000.0 555.3416681664806   
253 2024 737.6053716710965 4586.342406206645 -3.5391307795047746 4.4256277478366989e+01 412.0653096187847 1000.0 571.3013357389618   
254 2032 613.5196279524537 6014.242505000385 -3.5391307795047746 1.0984189810936907e+02 289.8064588127481 1000.0 539.7169932825932   
255 2040 527.1436753777708 6260.008625890695 -3.5391307795047746 1.9808259413026053e+02 1000.0 1000.0 734.8669957418175   
256 2048 430.2078814797095 7012.826306012603 -3.5391307795047746 1.5136368479048483e+02 385.4280718317083 1000.0 150.15553690065974   
257 2056 545.7618612116732 7682.661330858211 -3.5391307795047746 5.5901178332659541e+01 102.45980368664105 457.4084600138289 201.6041862108892   
258 2064 663.8234061740956 5558.369869035057 -3.5391307795047746 2.3640982736011389e+02 476.3453806376933 1000.0 481.15102955160273   
259 2072 535.7810157173119 5200.962615549824 -3.5391307795047746 5.7488144976134215e+01 447.2233587038279 1000.0 756.0753970559176   
260 2080 418.208295022034 5798.157292151251 -3.5391307795047746 6.1611792867132550e+01 286.33014851277096 1000.0 841.9239150799716   
261 2088 482.23394006345904 6133.830844445896 -3.5391307795047746 1.4401031705451601e+02 404.5937547588602 1000.0 532.4415336322656   
262 2096 584.8947582755696 5250.8813860631835 -3.5391307795047746 1.3909686795407083e+02 254.4148704666875 1000.0 801.7831351824204   
263 2104 495.96291054984357 4304.638616464171 -3.5391307795047746 3.7407867403214119e+01 453.9079871557127 1000.0 870.1937532522172   
264 2112 577.000506065427 4554.60896734809 -3.5391307795047746 4.3101497293986284e+01 1000.0 1000.0 841.4936142127111   
265 2120 449.48231619975576 3935.7169459617803 -3.5391307795047746 5.0273360229207171e+01 244.70878356308708 1000.0 256.9873938234897   
266 2128 342.5274327892947 4840.409514939344 -3.5391307795047746 5.2547247702139870e+01 386.5734480293304 1000.0 637.8100418482474   
267 2136 285.72083572229207 5847.860175584203 -3.5391307795047746 6.3543939100969901e+01 308.8200140421151 1000.0 211.21781658634438   
268 2144 262.8367650758018 6460.319421970013 -3.5391307795047746 8.2183243938527966e+01 174.8886140487287 434.86126264140506 258.66019153239665   
269 2152 369.8125416235211 5770.029369115436 -3.5391307795047746 4.4287937338937908e+01 340.8726379158564 1000.0 793.7811165708031   
270 2160 276.6341698988223 5248.100448470899 -3.5391307795047746 1.1711693296076855e+02 360.83635464315927 1000.0 878.2565038187613   
271 2168 392.1439127937293 4628.5576514991935 -3.5391307795047746 7.5293508057258009e+01 344.74535895258225 1000.0 180.50920825716238   
272 2176 299.456695950805 4507.564005058129 -3.5391307795047746 7.8337649051765624e+01 470.4968694885158 1000.0 510.9510708367104   
273 2184 290.39409503278193 3797.113471076262 -3.5391307795047746 3.2599120052193769e+01 192.55163548224746 472.4472798871887 164.63340626213332   
274 2192 253.20474785319075 3540.8557975632 -3.5391307795047746 1.1961796539578238e+02 400.68139139412347 1000.0 460.24293830323745   
275 2200 195.07529935543897 3019.450111530137 -3.5391307795047746 8.6041775088802467e+01 397.1073120190795 1000.0 590.3224296693797   
276 2208 190.08521679770942 2975.081167671891 -3.5391307795047746 3.7567165364729725e+01 391.1568635038595 458.87286418089724 225.5237784173912   
277 2216 160.28685225131926 2911.87107104023 -3.5391307795047746 7.9322579708943749e+01 242.3905130536111 1000.0 150.29106583277243   
278 2224 133.54749402416826 2486.121143484532 -3.5391307795047746 5.7338873874177416e+01 393.4900184252597 494.07889057904964 228.28291299431078   
279 2232 116.74224127393491 2219.7604079593875 -3.5391307795047746 5.1521675644464125e+01 260.5799145831549 497.3749957778781 201.3141315372901   
280 2240 94.59826916890758 1979.2615155441742 -3.5391307795047746 4.7807781907524017e+01 372.91486198448035 481.7743245648279 385.6199860965863   
281 2248 127.76963268710459 2107.9042604526303 -3.5391307795047746 4.8213089161059159e+01 206.11912909925536 482.93330362808973 220.2630742710319   
282 2256 230.01480048745856 2027.4286899519448 -3.5391307795047746 6.8076844412631857e+01 304.16951979179305 380.28678852121016 216.85253955923397   
283 2264 280.3118765134534 2039.2787356356514 -3.5391307795047746 3.8831289872319687e+01 353.7949316372723 1000.0 607.4712234777576   
284 2272 332.7308566130287 1866.8488474824 -3.5391307795047746 3.2031645076067960e+01 203.3959772735775 1000.0 593.787438902252   
285 2280 292.85609961494976 1202.3077845983364 -3.5391307795047746 6.8403787707214434e+01 489.7385969958207 1000.0 805.8292722448228   
286 2288 218.80905678330308 1564.5348677007278 -3.5391307795047746 7.7223791180730188e+01 185.43224968213158 1000.0 290.5058728093527   
287 2296 197.52618757549965 2091.972123995444 -3.5391307795047746 1.2172220726539621e+02 372.46293746739497 1000.0 243.59232707515002   
288 2304 199.8860253492456 1977.0872172196075 -3.5391307795047746 3.7289694019145315e+01 144.97173829196043 442.7018380009208 210.10464368941703   
289 2312 261.4206567891598 1751.6429454462627 -3.5391307795047746 8.2008855181355997e+01 323.1842630404798 1000.0 164.41431710171588   
290 2320 232.87993109405957 1689.5158319086438 -3.5391307795047746 1.1513390161155105e+02 408.75812199773264 497.62415426060545 257.430257189808   
291 2328 219.21386032236583 1465.0728221902561 -3.5391307795047746 3.4340645830407809e+01 151.44300232170968 1000.0 479.00678268043964   
292 2336 175.92441828826486 1256.8690761256887 -3.5391307795047746 3.0301444737539619e+01 442.97588293324327 1000.0 760.2004812219724   
293 2344 203.56728283714293 1332.0256923780896 -3.5391307795047746 9.8358853486339072e+01 416.73603375975705 1000.0 371.8146544635091   
294 2352 184.39242194860142 1121.2255526935194 -3.5391307795047746 2.0524772086946976e+02 398.41552833356224 466.7896801558674 148.0703844300429   
295 2360 220.19858315602184 1107.4057207484777 -3.5391307795047746 1.1359005688927667e+02 220.38616279966385 454.24015964706143 154.88845111378382   
296 2368 234.67986858408915 863.814625944314 -3.5391307795047746 5.9406584069205536e+01 246.68642285078164 499.8707657995304 373.8928377328026   
297 2376 195.72639716770445 744.0395924113292 -3.5391307795047746 7.3792601466920431e+01 308.538579870641 1000.0 239.8529252616474   
298 2384 255.41753984617623 757.4390801860627 -3.5391307795047746 1.3250638941131018e+02 385.3088623082509 1000.0 224.97916316058507   
299 2392 235.9863602491396 719.464710220887 -3.5391307795047746 5.5966403144129266e+01 232.12598204676002 496.4637574747734 206.95634499051178   
300 2400 235.83690653110094 602.6063144525357 -3.5391307795047746 3.6729811986772788e+01 292.2628226227271 1000.0 563.5636693437084   
301 2408 194.06185093609307 504.0436107321914 -3.5391307795047746 3.1825296068114572e+01 409.8211247543112 1000.0 662.7726507071666   
302 2416 160.83278734224214 542.7389179042077 -3.5391307795047746 1.2376215170323609e+02 334.31527962450866 1000.0 113.37528984918777   
303 2424 156.8398112082571 721.7289868824215 -3.5391307795047746 7.0075947096134016e+01 253.48761497512098 430.1522307250196 230.28991606277683   
304 2432 170.33320392632928 593.5656544180388 -3.5391307795047746 9.0572994117175256e+01 475.64448812938673 1000.0 536.7822743316973   
305 2440 160.15541914094763 589.7077481884274 -3.5391307795047746 5.8779416547179501e+01 305.6964356012546 1000.0 232.51133748584886   
306 2448 161.6166141240643 589.023958231246 -3.5391307795047746 3.2724401696248613e+01 280.5858456799703 1000.0 218.2261255956734   
307 2456 148.48061924347442 668.1051452720268 -3.5391307795047746 1.2124899126164031e+02 306.42451854780865 1000.0 242.13575243469757   
308 2464 142.0412720510021 725.8568980292861 -3.5391307795047746 3.1221715835226913e+01 282.5701858996605 477.7645220252137 200.59683197227608   
309 2472 118.13179468697524 651.5618460926285 -3.5391307795047746 9.4299604823612853e+01 296.43082789956856 454.0800407079643 146.00130263695127   
310 2480 165.6591780714311 661.2069379650601 -3.5391307795047746 5.3197458306625364e+01 148.39503798439878 433.1110980669886 187.5136223074971   
311 2488 160.28295917587096 572.1326488909243 -3.5391307795047746 4.1704543211101544e+01 387.450382002832 1000.0 125.94095693448423   
312 2496 181.60942445489434 534.2753836598915 -3.5391307795047746 7.0651744116199495e+01 262.0330989047799 355.1718010446569 189.2057850604001   
313 2504 139.63279311441943 383.50537755062464 -3.5391307795047746 4.8932557576702024e+01 316.5640173278689 452.60837158195613 116.72788907379402   
314 2512 117.32392995200857 376.56223673040864 -3.5391307795047746 1.2613989508805450e+02 359.5057045426905 493.61383053608455 304.6703211163138   
315 2520 121.30316106365348 405.1706861496967 -3.5391307795047746 1.6216337090506968e+02 329.09526481244325 414.64407271959226 149.7003551486833   
316 2528 222.39690428179173 399.9530075228155 -3.5391307795047746 5.2640153002161981e+01 203.32587834864094 468.40728026246023 186.8746212170099   
317 2536 191.65004306121762 377.5882141897942 -3.5391307795047746 1.9043751381442809e+02 375.95902688948615 1000.0 457.7824783619526   
318 2544 177.14266864522986 363.7842957484603 -3.5391307795047746 3.4880592040361620e+01 344.46032224029364 471.6825083541048 297.2082102404495   
319 2552 174.21585071112352 364.40994355747193 -3.5391307795047746 5.6634883405597762e+01 185.33036624760763 306.31359627386786 131.4122904217534   
320 2560 150.27355349817992 348.10648082830767 -3.5391307795047746 7.3923929917607893e+01 187.51385734545582 380.05870065735667 188.01311643674745   
321 2568 166.6590169428515 388.97371304983704 -3.5391307795047746 1.2505236079649657e+02 333.9421164802314 1000.0 205.12352748065666   
322 2576 141.42432571375807 333.3357506005084 -3.5391307795047746 9.3813084283674655e+01 391.04143852221176 465.1504796830194 238.4946709866561   
323 2584 115.64170591648025 364.30192074715006 -3.5391307795047746 1.0078752974837597e+02 304.98690055617135 1000.0 140.0130610307014   
324 2592 104.618307702444 392.0007849317937 -3.5391307795047746 9.8715005318876905e+01 396.01704262224155 490.5763216277051 178.42405806689112   
325 2600 112.40064405075339 424.45383510956464 -3.5391307795047746 5.4762388448575237e+01 295.2961410772029 464.7028449915546 225.7778643849502   
326 2608 124.59294129574909 372.40552216952835 -3.5391307795047746 1.1015528342532882e+02 414.82591056578326 475.8781323403 109.320812286918   
327 2616 104.52104511247225 364.57534268914196 -3.5391307795047746 7.0219446610806997e+01 304.28936878369564 467.5009418564024 144.11354995334534   
328 2624 98.97961115349725 416.25877843945113 -3.5391307795047746 1.1885382299062012e+02 333.3017152201026 478.6568910593414 231.9440755583874   
329 2632 85.48483900869897 459.47659625115125 -3.5391307795047746 1.5552708558470843e+02 384.76166075097024 469.671165473532 176.79151922266064   
330 2640 69.12477477540588 507.13678122279225 -3.5391307795047746 1.1405341630487966e+02 401.4185827089325 488.4318503048513 205.30761305933436   
331 2648 65.12532805951282 599.8272462946717 -3.5391307795047746 1.0723098878689215e+02 280.71009905636794 398.7592947717557 233.67286989009466   
332 2656 89.6392720507792 760.1972127783638 -3.5391307795047746 5.5191491972486659e+01 240.9266811755407 1000.0 239.81332381673735   
333 2664 135.2754427077995 710.0707455809687 -3.5391307795047746 1.8011154445120090e+02 374.60577316653604 486.122994126857 111.28997337615687   
334 2672 129.30723728973058 794.5089995148489 -3.5391307795047746 7.3193370239972424e+01 382.6830130049315 1000.0 279.3768975569013   
335 2680 167.46676496794092 627.2327047539379 -3.5391307795047746 6.3624227192662616e+01 212.71441474392662 458.4409518589163 174.43285754696672   
336 2688 143.11418378363723 590.359003801018 -3.5391307795047746 4.4240609241348125e+01 369.11893654928843 1000.0 324.4355381252356   
337 2696 161.2995449871419 592.1390348334371 -3.5391307795047746 5.4973700796327492e+01 333.47929843946906 498.56032422975375 239.07215673771645   
338 2704 187.24258853583947 578.0525661841198 -3.5391307795047746 8.6042480281220747e+01 338.70274050565877 437.02496040792323 273.3163291009546   
339 2712 151.02352338055206 496.4235567461817 -3.5391307795047746 1.0139141434619410e+02 366.33512861034154 1000.0 137.680124697822   
340 2720 174.53357355387962 591.1870441408805 -3.5391307795047746 5.0535204578204613e+01 214.44031843107547 1000.0 212.59772876462586   
341 2728 204.17566722159353 536.8129310382947 -3.5391307795047746 4.0935692976204940e+01 345.99540081307 1000.0 294.4858304691192   
342 2736 290.99270150744223 442.29609276315915 -3.5391307795047746 3.1573602294971746e+01 288.2255489708952 1000.0 584.296524867815   
343 2744 242.889391648836 417.98998314154807 -3.5391307795047746 1.0656667344896626e+02 461.3814346844587 1000.0 185.2193334337765   
344 2752 268.3540950631065 430.2872763642636 -3.5391307795047746 7.7523564971251034e+01 309.0026774981245 1000.0 227.2698175494664   
345 2760 263.3426589353207 404.3053857563825 -3.5391307795047746 4.6338911322935303e+01 272.0246693139513 465.1602566944746 273.9533585173856   
346 2768 279.8104035306642 354.21160310549294 -3.5391307795047746 4.5741620530663553e+01 480.093669492319 1000.0 211.5862236882963   
347 2776 274.8171979396938 307.8773164662147 -3.5391307795047746 5.0114375910387466e+01 315.3095463412667 1000.0 597.6428943495877   
348 2784 259.42656378677634 279.8609781495303 -3.5391307795047746 6.0146177804172105e+01 322.1468173977592 471.5526409683708 247.27861519315394   
349 2792 243.53879261853774 271.2069582133216 -3.5391307795047746 3.2879863618713705e+02 463.51154214054526 1000.0 126.14411410578316   
350 2800 222.0172442814663 256.9274886204877 -3.5391307795047746 4.8434872201605643e+01 423.3161057474186 1000.0 549.0856853166339   
351 2808 178.54811805226714 301.0985097370416 -3.5391307795047746 2.5548409990205920e+02 1000.0 1000.0 664.7270635918213   
352 2816 181.34596558811435 352.934899228654 -3.5391307795047746 1.3559897601218972e+02 447.26104115070393 1000.0 228.63377981880922   
353 2824 249.744017689253 321.5515025484047 -3.5391307795047746 4.7538663321824913e+01 264.07875160834885 492.9798231199934 240.22034829845404   
354 2832 226.6276165779536 303.3232025923259 -3.5391307795047746 3.1099254221931133e+01 285.86106955922276 1000.0 563.3268780351644   
355 2840 204.0303678810462 342.90949333949663 -3.5391307795047746 3.6513250792941896e+01 434.8352690182535 1000.0 289.2857325746066   
356 2848 174.36574151422008 331.50367937550567 -3.5391307795047746 1.6455133772908832e+02 391.6200358000396 1000.0 238.30982047773273   
357 2856 141.90407916875805 357.49790324597615 -3.5391307795047746 1.0281347027646966e+02 290.04815499489723 496.6482900153159 196.16219534490085   
358 2864 121.00109219397189 379.4796074391997 -3.5391307795047746 5.7395099335076310e+01 271.19091073872994 1000.0 191.97606295628208   
359 2872 141.88419592973318 376.3538981221504 -3.5391307795047746 4.0862944231195399e+01 170.82949951979595 357.61557137502433 162.18074241500622   
360 2880 158.7666671542705 336.3489668972384 -3.5391307795047746 1.6806805433708396e+02 345.1875285415629 464.4595153325928 190.29291834868616   
361 2888 148.29519677638004 299.2779426031232 -3.5391307795047746 2.0253440763350460e+02 473.60419676726457 1000.0 398.3371892706899   
362 2896 134.14737031208466 365.53927348073523 -3.5391307795047746 3.0152781880612814e+01 167.99552023523728 282.9082703475355 146.79034301909462   
363 2904 115.87186719932481 412.9907072115369 -3.5391307795047746 1.8708292171119288e+02 299.6631406871677 1000.0 481.23388927253325   
364 2912 116.7195428004757 552.2790260347911 -3.5391307795047746 4.5439763679576870e+01 322.62673015663324 375.64678957001564 230.02917577192463   
365 2920 101.08202860128903 507.2537568713775 -3.5391307795047746 6.8471072544499563e+01 445.51012822993874 494.5671634471178 302.0515912615284   
366 2928 102.60558111913718 579.1071747639911 -3.5391307795047746 6.0104090957823502e+01 255.77046564834072 476.8342024885263 236.69525886667844   
367 2936 88.02083406784888 535.8933440532923 -3.5391307795047746 5.1368304077951962e+01 236.91359683832792 325.217781502341 166.80437163801693   
368 2944 79.64889093710752 558.5726007107703 -3.5391307795047746 4.0836697602543694e+01 238.51297881992792 384.723620176947 199.23103829873668   
369 2952 73.3882357062187 589.6168714168854 -3.5391307795047746 3.6123556061737489e+01 252.6447250609611 441.1619249421572 214.84590493522063   
370 2960 61.58580224533899 739.5154884447904 -3.5391307795047746 5.8721930978066169e+01 453.7808154791644 491.4592829655906 279.4731997889104   
371 2968 45.998009286376835 751.1477325650103 -3.5391307795047746 9.7813130916454540e+01 365.4011245872978 443.27883170353476 90.84559827537896   
372 2976 47.40628861045337 743.7981219932251 -3.5391307795047746 3.0825914997091534e+01 320.87464561765415 456.6278229143091 221.72037727054132   
373 2984 59.138611325731375 666.3625486311347 -3.5391307795047746 1.9533650251594693e+02 351.3262114981616 470.64182091376756 200.71249433695797   
374 2992 56.51981063107894 623.4177018811542 -3.5391307795047746 1.3595152083870204e+02 394.0044659176321 489.46676639107153 221.48670507688558   
375 3000 53.026083260204906 615.1376047516466 -3.5391307795047746 3.5551479669492778e+01 280.4249131537488 492.1928465348414 184.27879757374717   
376 3008 66.65631725203298 733.3001529034349 -3.5391307795047746 1.6478952135183508e+02 201.04933870496626 449.02106995151576 140.73175507099276   
377 3016 76.63512595721438 751.5562909700423 -3.5391307795047746 8.0650647856304943e+01 290.03444903406205 497.48080874149304 258.8949007114925   
378 3024 96.90473996452675 755.6809873258898 -3.5391307795047746 3.2616332000787395e+01 291.74326679651597 497.10619195764343 165.5603336021003   
379 3032 96.98915113256015 654.7127280889243 -3.5391307795047746 1.7703411109049537e+02 349.1721810803647 480.1722018737382 121.00360376264445   
380 3040 97.14501412834707 500.4060449675259 -3.5391307795047746 1.3923447807773448e+02 268.25445995226585 358.68519534481703 108.23110771376926   
381 3048 99.71492336646392 567.0308561962162 -3.5391307795047746 4.6438235636001792e+01 264.8937620396463 430.9555884447835 252.46156602412762   
382 3056 96.88924836082701 586.7825945859718 -3.5391307795047746 1.3241816446177296e+02 305.1866140626037 412.4653403074217 122.13352692761464   
383 3064 83.21861892662281 554.2731876072945 -3.5391307795047746 1.0394567016116932e+02 294.80361749483933 408.51811511109804 219.64037738958507   
384 3072 98.9551320913339 571.2748110431672 -3.5391307795047746 6.4305535005516603e+01 309.41132542202735 432.9898872885436 138.90676223968592   
385 3080 109.54587230215284 481.3132354754289 -3.5391307795047746 1.4610229131058952e+02 384.1281541311683 427.75853886427217 235.81170666663024   
386 3088 88.00666337222107 498.3320350876798 -3.5391307795047746 5.4881476589249793e+01 182.52153929985138 439.94384341079154 193.5888554621541   
387 3096 105.02889477854424 517.9114216570678 -3.5391307795047746 3.0310279864834616e+01 294.4499697519667 431.2821386446672 227.59334306351184   
388 3104 138.00160860936253 429.81471377000565 -3.5391307795047746 6.3577515971318753e+01 261.630830574525 486.35334055980746 280.1378891674468   
389 3112 126.93210387162402 455.030014180957 -3.5391307795047746 5.0775910612734123e+01 216.1097172754059 1000.0 212.19514834224773   
390 3120 129.3079873446828 514.0800887985245 -3.5391307795047746 4.6959605184688030e+01 324.360564586892 1000.0 279.8763654507765   
391 3128 106.94235100110022 455.09013776192467 -3.5391307795047746 8.6286185276158847e+01 195.45456883104538 495.8009154788615 251.8076896111296   
392 3136 109.30559372042919 430.79611731920556 -3.5391307795047746 3.3124533603342343e+01 233.90747461207647 498.68587533908 140.831625160264   
393 3144 92.77456194406828 395.7032380851642 -3.5391307795047746 3.7665870802877272e+01 174.0511446155343 455.93383296842586 285.8409027018852   
394 3152 95.50212901815232 448.73114834987524 -3.5391307795047746 7.0088069080607681e+01 259.14944896943894 392.8979007423358 246.84267999724233   
395 3160 89.65563661263263 487.94188143681583 -3.5391307795047746 3.7307165688844293e+01 303.86048313741946 361.21022252446824 227.76667561818374   
396 3168 90.43422373109146 472.41119133481516 -3.5391307795047746 7.1129760163490104e+01 348.77660158148484 497.09993126672344 206.70458886051097   
397 3176 73.89084203567126 402.4771385268385 -3.5391307795047746 1.7245884434426344e+02 300.3155204603131 447.45878032283173 151.64842484131424   
398 3184 68.78183294633777 466.1857563083894 -3.5391307795047746 5.3750385506821779e+01 360.71835859095125 450.44473045593963 336.4768247496441   
399 3192 72.01560230768354 521.4840693819826 -3.5391307795047746 1.9943778266662298e+02 328.7442123249036 440.77271055340697 167.31755061970227   
400 3200 63.84107076454488 518.6316462336995 -3.5391307795047746 3.0992425183091957e+01 269.7112936314018 353.6909776648454 113.0409531779303   
401 3208 66.0518962042187 514.9635506256931 -3.5391307795047746 1.7143501995595966e+02 287.29716664652057 431.4935673256191 121.33998272821685   
402 3216 55.609479961733236 486.5280131694212 -3.5391307795047746 7.2727166071538406e+01 243.43878188411787 349.9896116847303 193.68042040294108   
403 3224 48.519624989534364 484.8021441649491 -3.5391307795047746 1.2146941201304305e+02 225.68075543494857 493.6902788897018 267.61642070516405   
404 3232 46.8086068589122 522.1529994623694 -3.5391307795047746 5.9544521518854680e+01 260.81714786984617 497.30832885651995 181.42994569141442   
405 3240 43.28316920421008 570.898736631523 -3.5391307795047746 7.2498861548566410e+01 171.1206034271653 402.2795191917951 270.99518420153566   
406 3248 39.041417227392195 644.7224607692339 -3.5391307795047746 5.8579569685401374e+01 252.76954487449558 285.85783154148805 129.01579552419503   
407 3256 39.07328351630787 734.6119288878707 -3.5391307795047746 4.5148107686385799e+01 402.0179697545477 445.5780483526009 247.21949758250685   
408 3264 35.91229871761465 727.7110333923181 -3.5391307795047746 3.0391487887496840e+01 246.92836517465784 499.28336952866573 205.9959654112576   
409 3272 33.27507285826871 744.6596256483341 -3.5391307795047746 5.6097163912582602e+01 304.03062248126764 473.12433866022934 221.02748157816697   
410 3280 35.57443175026466 880.2994191103817 -3.5391307795047746 8.7860441781407260e+01 390.63203369812476 498.2939279387637 153.5328150213619   
411 3288 29.506034954626482 858.9144151942812 -3.5391307795047746 1.6395724788497830e+02 337.44559512860343 453.7185304474198 102.1060450416295   
412 3296 33.98800629237189 883.3110554323127 -3.5391307795047746 4.6658381668672192e+01 331.5008013371202 473.10654410719076 296.826937860939   
413 3304 38.699950049204084 656.511021491773 -3.5391307795047746 7.4446905427085511e+01 211.86648682499285 443.2181296274506 221.50633119250733   
414 3312 36.79125650194546 550.636741236395 -3.5391307795047746 6.5770942736119665e+01 138.45949898090728 375.1085557844805 139.32390455491287   
415 3320 39.62009561886824 615.5230194186051 -3.5391307795047746 7.9672884804475842e+01 215.78261249040384 363.01116080251984 198.88979494601932   
416 3328 40.951551771826466 675.441306695497 -3.5391307795047746 1.2678134300372329e+02 301.1043825447857 456.6763275859633 250.97771950534232   
417 3336 40.11105874221198 663.7669714627016 -3.5391307795047746 8.1347620904516958e+01 151.67063127534365 281.8956573863926 158.58252880830838   
418 3344 48.5158231251483 648.9872537187621 -3.5391307795047746 4.2734718954094333e+01 305.0962061048053 463.4525968461143 258.5227416349644   
419 3352 46.82172388550883 590.9521426286506 -3.5391307795047746 1.3249582124422727e+02 340.76980414286976 431.67927237116817 208.0923106626401   
420 3360 53.97620123712331 524.94496884418 -3.5391307795047746 1.0096886078137790e+02 233.36208183441624 353.2081985356264 129.87671920616413   
421 3368 44.71943890709083 541.0830380697553 -3.5391307795047746 1.2298774310318709e+02 259.33587143332267 430.10631514816237 147.73234592739448   
422 3376 38.16299778806709 525.8332517379811 -3.5391307795047746 1.0631946948983683e+02 383.8619578904806 446.4579635182349 122.73975460551645   
423 3384 38.92385207593919 676.0440661691412 -3.5391307795047746 4.9679819667026948e+01 387.93947807116405 468.4076443374194 219.0741610633109   
424 3392 40.51262511648126 615.3253895727655 -3.5391307795047746 3.6981288663709684e+01 234.80107055979627 392.56736413319277 262.95837828430695   
425 3400 34.090925027212506 533.1805371380168 -3.5391307795047746 4.6169616873762720e+01 119.18573165010024 294.6909721350811 202.65823576030039   
426 3408 33.781218655969695 535.5533246722237 -3.5391307795047746 1.9864089696250537e+02 275.6750436358161 470.7621634833955 106.70224766497984   
427 3416 27.671767208664306 503.9047074601156 -3.5391307795047746 8.2994996656316786e+01 399.1954984335342 496.91677870080633 217.28207670533232   
428 3424 24.816114116359174 467.584244814457 -3.5391307795047746 3.2811512839977397e+01 333.0656907747622 478.2015671817739 251.92872015085769   
429 3432 22.78707162702563 439.5278128286131 -3.5391307795047746 9.4128519140401622e+01 170.36054517907007 463.85212019417037 147.5038679501115   
430 3440 22.64337439601248 482.78011828712744 -3.5391307795047746 6.8409943458640782e+01 378.4312615470196 489.20063603652846 246.483859073219   
431 3448 20.632696221153633 577.9247748856797 -3.5391307795047746 9.8917314212564960e+01 294.5438022113755 449.3620870609739 200.97152733212155   
432 3456 18.54070237723516 590.4398714392447 -3.5391307795047746 4.5879591538698016e+01 263.0940548006854 345.5534130626961 158.45406250921297   
433 3464 17.11070434899796 647.3536016333896 -3.5391307795047746 1.0871877537610287e+02 233.82367159029366 405.74156446529133 128.3378956896658   
434 3472 13.933668680922526 644.1700574906937 -3.5391307795047746 6.7111871949596747e+01 239.18610762983144 486.4183594203153 217.46184385629837   
435 3480 15.643648320212078 656.8248951033354 -3.5391307795047746 3.5860163506314336e+01 246.89364376211805 463.21550818040043 159.59260248456968   
436 3488 14.362275300673149 843.5603581699952 -3.5391307795047746 4.2384072429427249e+01 199.47967136469924 443.9180687131072 375.66503903859757   
437 3496 12.047164283207179 795.0903862469053 -3.5391307795047746 4.2341722302278669e+01 203.78612131219344 497.90971485648606 222.95982478465612   
438 3504 13.189634194747384 767.4683248039892 -3.5391307795047746 4.2715084340457778e+01 279.2436247931274 497.58263370912016 175.25776243031487   
439 3512 15.526575334070532 895.9782701292364 -3.5391307795047746 1.6232638119988118e+02 380.56378891157055 475.3842884446302 215.5299249189845   
440 3520 14.7293893555427 1123.7034496756016 -3.5391307795047746 1.1831291908786442e+02 321.22571394077335 435.77923402453143 211.9238607686047   
441 3528 12.091900716636873 1245.53784990982 -3.5391307795047746 3.2626561547505581e+01 207.3256870179852 424.12366121272737 224.28017286978996   
442 3536 10.424310608672437 1220.9656189153893 -3.5391307795047746 4.4490316477546529e+01 103.8004116582502 407.9659407664959 276.6356903836105   
443 3544 10.191531524293433 1166.9605838765626 -3.5391307795047746 6.7474356299476540e+01 208.4882172243672 382.6768837953315 118.44608364069188   
444 3552 8.761472231056961 1287.678038001179 -3.5391307795047746 9.1304968268210430e+01 230.1002789608197 423.06756160582154 212.40965242371516   
445 3560 8.904042150622471 1350.5224315376583 -3.5391307795047746 1.2453829257659908e+02 322.40275519599106 494.90449167962015 231.53821040398975   
446 3568 10.173782924246384 1357.245588008247 -3.5391307795047746 3.5270420201219828e+01 450.9782050639605 490.98847826943626 300.3980371250825   
447 3576 11.205516195441135 1480.17060829263 -3.5391307795047746 5.1294257639242794e+01 395.66573202745286 467.2260949077205 311.40830809748377   
448 3584 12.110821986014235 1324.0643347397806 -3.5391307795047746 1.0978878887102695e+02 358.8725097579166 441.3131772648778 259.90831214074285   
449 3592 9.581503967227562 1442.8276696861487 -3.5391307795047746 3.6228674387848379e+01 296.60484729018043 439.18275245780717 265.6922665390137   
450 3600 8.575847301780305 1418.893578680617 -3.5391307795047746 6.3928238045024024e+01 383.90945936501674 486.7474596689931 75.18193721685509   
451 3608 7.8325664293525525 1155.8566758450545 -3.5391307795047746 3.0004100425005888e+01 156.90659939378747 498.9244463897378 207.25738252859213   
452 3616 7.485850648183272 1408.9577357853095 -3.5391307795047746 3.5713260596767640e+01 381.1856130694521 478.4077648260762 156.02134646859474   
453 3624 7.757393002392448 1540.3624280253987 -3.5391307795047746 1.3278786489171176e+02 292.3501765009934 423.3585557131122 154.5030824937847   
454 3632 6.992656729897173 1619.547114558838 -3.5391307795047746 9.2422201236173706e+01 287.5514865430864 421.91268880548756 257.0240248054696   
455 3640 5.841253723020905 1747.1157289933424 -3.5391307795047746 3.4289312594876137e+01 423.4860038153271 496.24308572567867 145.4867001057275   
456 3648 5.318128366395919 1728.5497503826116 -3.5391307795047746 1.1971780657432403e+02 320.98599798553425 490.4108421387524 186.49981057206588   
457 3656 5.814450647495159 1974.2834562417088 -3.5391307795047746 3.5888350408356288e+01 328.0001182072661 473.2896121549763 259.34906286797946   
458 3664 7.6251250809881235 2125.6198580444934 -3.5391307795047746 7.9166859241797852e+01 286.53734822220736 457.37264471974265 214.96398077373462   
459 3672 11.277879151337176 2113.1234322905257 -3.5391307795047746 1.7679173942560516e+02 414.7043397132602 458.0161477402932 182.4594900851592   
460 3680 11.481014032390078 2011.0177284034644 -3.5391307795047746 4.9327490448608017e+01 345.52324657911277 462.91983427747647 309.60679067395506   
461 3688 12.496938615429503 1924.8814598951838 -3.5391307795047746 1.4020993599860731e+02 270.94661725455296 445.8988580920678 222.61953450538567   
462 3696 12.00601899842413 1821.3472381739703 -3.5391307795047746 5.7673439617458193e+01 319.964990104399 498.37388593806156 196.7514296857664   
463 3704 10.478326163767356 1760.8869175295465 -3.5391307795047746 4.6867455197391543e+01 200.54891804002975 435.59431313648776 221.8450040561999   
464 3712 10.649367142734675 1689.4699484412006 -3.5391307795047746 1.0634326005322434e+02 215.0490139235832 467.592780577301 179.72713883717086   
465 3720 10.061750734244063 1695.2902855278423 -3.5391307795047746 4.9658089870092546e+01 242.81940410913845 488.9900896586432 252.23134795211024   
466 3728 10.499100333362476 1870.1673681083573 -3.5391307795047746 8.7896625845568551e+01 178.2479564617702 469.9577400862504 132.1925584288804   
467 3736 9.887671799563792 1853.6261656693712 -3.5391307795047746 3.8970958750969125e+01 250.8640026825567 442.3198274202959 198.89759753358945   
468 3744 8.984553560187244 1674.0763556926095 -3.5391307795047746 4.6597369481700383e+01 97.85304421596145 471.70117736521746 137.67178357810423   
469 3752 8.906543366580626 1992.1429432870293 -3.5391307795047746 1.0176589016934517e+02 345.43199114212973 429.0037264194136 91.46204460413344   
470 3760 9.20031849173712 2082.2079386229943 -3.5391307795047746 1.1503203135359615e+02 270.9575800878439 432.87486026764253 144.5576416152972   
471 3768 8.336540361431023 2277.5294706908644 -3.5391307795047746 1.1298580078967674e+02 283.6402296858942 498.9037486123508 273.53756680404445   
472 3776 10.755321640515149 2265.5132931986223 -3.5391307795047746 3.2804768714112996e+01 409.0482208356045 458.18982659883494 306.0342336928466   
473 3784 11.53909373813826 2599.2115153919513 -3.5391307795047746 1.1837617353030423e+02 402.5101030194964 464.38403735254906 231.98308956450444   
474 3792 12.462902589152097 2295.853528490809 -3.5391307795047746 5.4433778298422588e+01 287.7250944719298 495.80828136592345 229.97920216958863   
475 3800 11.761824441533484 2546.4222018822534 -3.5391307795047746 7.3560828995556903e+01 333.6389492782046 478.1816938787043 247.70658208100303   
476 3808 12.975448280475462 2666.2858577875722 -3.5391307795047746 4.1407892979238262e+01 256.53987308846575 495.49638467881954 359.42156464685564   
477 3816 13.432683673051656 2203.263721456972 -3.5391307795047746 6.6078919556176189e+01 319.21867413325197 444.76346062839195 231.8567008820242   
478 3824 15.066200436784003 2307.305320880619 -3.5391307795047746 1.3220845417901927e+02 420.5777476731815 475.19457155115265 118.62792103996105   
479 3832 14.718927837534915 2581.3703631473472 -3.5391307795047746 4.5565413604614690e+01 321.29283319966055 450.8987976205526 302.167034760007   
480 3840 13.284991421476533 3082.643324946371 -3.5391307795047746 5.6055315710700967e+01 192.75420480320787 281.98499744464965 87.56722001213654   
481 3848 15.072339669776348 2758.730034521662 -3.5391307795047746 2.3598483142783800e+02 383.9181641493307 487.0004264123751 89.86701070417382   
482 3856 17.470093580492605 3633.5505445917915 -3.5391307795047746 1.4491539914798619e+02 369.99568171647036 476.38759936592623 149.86593907078702   
483 3864 17.99369115145334 3659.32693858269 -3.5391307795047746 4.9645632807985727e+01 266.86483320114854 447.56087005888384 181.70421169046176   
484 3872 17.19120650226484 4128.983212870765 -3.5391307795047746 5.8446115685471419e+01 288.70667034299055 493.44076877094835 258.11326770358716   
485 3880 15.783239512054273 4589.765145833627 -3.5391307795047746 5.4392145990452946e+01 279.35408500938547 438.46956671723296 216.30021436069705   
486 3888 15.98526569941611 4336.524463351381 -3.5391307795047746 3.3569787064495841e+01 284.5712844253384 479.7630045843967 125.46627819986591   
487 3896 16.346937747198957 4065.0812908761013 -3.5391307795047746 7.4673154604808389e+01 295.0524786284317 418.62284655408826 313.7641709398855   
488 3904 15.874825539320161 4147.78885326565 -3.5391307795047746 4.2753057972776119e+01 346.22095279140814 486.04993642000136 332.76653662101336   
489 3912 13.93037131051445 3802.039313842284 -3.5391307795047746 6.4871116452277022e+01 279.5304369403391 476.74932133408174 191.91717282686307   
490 3920 12.845688517440358 3985.1055330268005 -3.5391307795047746 3.1900355011487992e+01 254.8550738956795 489.5209152452297 258.2277815672023   
491 3928 11.374644782169204 3616.705469016827 -3.5391307795047746 4.3121955695431929e+01 353.0467764146392 406.865949633372 264.9521006420156   
492 3936 11.021018599391542 3717.1270245883575 -3.5391307795047746 4.4006376620668036e+01 208.6877466255702 484.6535631527176 348.3602236282584   
493 3944 10.791679134498246 3585.524858361462 -3.5391307795047746 3.5261472628154443e+01 168.69899206549434 449.9765759471968 307.22914664287254   
494 3952 10.43420141977718 3895.1443240146104 -3.5391307795047746 1.1773782752420210e+02 152.07792692456695 456.9665350393887 239.8345021814356   
495 3960 9.77414331064577 3875.653312794091 -3.5391307795047746 8.8515571062765275e+01 157.48114938898527 480.6173788172833 187.75356565462417   
496 3968 7.821222093834348 3744.5271825039877 -3.5391307795047746 6.7760289995656763e+01 248.79062687681565 389.8828727347224 137.6180507037239   
497 3976 7.938787497887357 3875.8202980526485 -3.5391307795047746 8.2245011062657426e+01 319.0605544826182 382.7825689009544 146.51757245041165   
498 3984 7.276897779646666 4232.916638869944 -3.5391307795047746 1.2515765049971981e+02 335.1150833220932 420.1064585480917 172.0663374134738   
499 3992 7.0409596312848395 4379.968873899289 -3.5391307795047746 2.2759059182170100e+02 357.4129426838924 496.3861950510515 133.93017793465333   
500 4000 7.229439427705863 4453.149697603274 -3.5391307795047746 4.1930606470373249e+01 359.1299354460111 467.2143481672804 289.0250496156743   
501 4008 7.151682667179374 3835.772524608499 -3.5391307795047746 7.4036089110460097e+01 409.30761471901405 443.83762171043213 295.24556462292867   
502 4016 8.424869015016725 3869.082984159542 -3.5391307795047746 2.0187684411353365e+02 292.49792531060046 426.7829509954692 84.53952966803115   
503 4024 9.306500729283158 3844.4756407628897 -3.5391307795047746 7.5864670372304374e+01 291.21223675666926 393.50254291363626 259.3457067800988   
504 4032 9.018127631131694 4099.0253840299065 -3.5391307795047746 7.3399905896823071e+01 312.7143096921113 491.8509036763668 310.6411265043058   
505 4040 7.9942961211001204 3946.098117984242 -3.5391307795047746 1.2072917185634688e+02 201.7993156039218 333.5150714592868 116.51094279088755   
506 4048 7.056622825569389 3798.1157488577874 -3.5391307795047746 4.2484288796788249e+01 272.98813568777786 418.7679408551062 164.8103624210225   
507 4056 6.048519789601839 4042.8951652661617 -3.5391307795047746 1.0440983423872405e+02 386.6522437327472 490.5433822322675 290.77431463330527   
508 4064 5.830388350384968 4410.386903896294 -3.5391307795047746 7.6475811118422712e+01 188.20071510975745 379.20041999101056 194.2035752319172   
509 4072 5.174890807994577 4327.305742878573 -3.5391307795047746 7.8438373855160066e+01 324.3194079623498 491.81046878360985 187.18386378152334   
510 4080 4.951535236759422 4286.15210428056 -3.5391307795047746 3.4709573758969462e+01 166.31423697187043 459.78433789108743 309.84958033259375   
511 4088 4.926218689887488 4324.974889968493 -3.5391307795047746 6.2198367689299232e+01 217.8359835216522 402.5892127633667 175.1479482501623   
512 4096 4.671697571962886 4199.1030452604855 -3.5391307795047746 3.2207414646037449e+01 383.4394246934249 496.49873884234574 328.58218389223686   
513 4104 4.102038557306257 3786.50898390631 -3.5391307795047746 6.9130597329214794e+01 381.7938428689285 408.67750547489504 207.85377099795514   
514 4112 4.168746805501655 4175.8184187995885 -3.5391307795047746 1.5128618138095058e+02 430.79700770910637 478.10241827489375 174.47786929937683   
515 4120 5.156352740470011 3827.269859880501 -3.5391307795047746 6.8428984585973723e+01 268.5548419683905 469.1983072529088 212.99228435728875   
516 4128 5.997811908896453 4907.980989920793 -3.5391307795047746 6.1727523869990748e+01 283.8008097288443 469.061606895571 320.4100986398661   
517 4136 5.57120563699109 6210.298759741814 -3.5391307795047746 4.0804763466360008e+01 367.0252239714585 490.01806043757693 283.8031561385177   
518 4144 5.342018225645964 5677.494638116143 -3.5391307795047746 5.5751239132241558e+01 218.49162390514738 499.39724979006286 292.85192668186   
519 4152 5.77651079242184 6451.382829304116 -3.5391307795047746 1.8855782900807961e+02 399.9932116348798 496.0239597068422 233.38118489852667   
520 4160 5.636293349284395 6915.95048921034 -3.5391307795047746 1.5345128959043450e+02 229.90825009279158 420.61162781223027 145.26289809276295   
521 4168 6.289152803870316 7276.048846493223 -3.5391307795047746 1.0464065922854812e+02 239.46720081482297 403.9670889751633 151.58051926698263   
522 4176 5.846217344269842 8255.762226523988 -3.5391307795047746 8.1112441639869814e+01 346.4297168406615 449.93460725968936 164.0211138865783   
523 4184 5.941391890915065 8966.398926161923 -3.5391307795047746 9.3941524454055113e+01 374.99517710861414 478.8015170030449 139.45816886286485   
524 4192 6.9060902030784455 9142.469638373248 -3.5391307795047746 8.2420348692991183e+01 327.59813795520097 471.64451768868804 261.05316029987614   
525 4200 8.376198304951926 10843.698028286857 -3.5391307795047746 4.2313717299912255e+01 173.62915002067325 435.11438261860576 215.01002311415277   
526 4208 8.770440321110444 11389.968533047026 -3.5391307795047746 1.6049902721581600e+02 302.3269876521207 488.5293586343161 202.75778046404946   
527 4216 9.345636305643785 14600.207738416442 -3.5391307795047746 5.8484140675116251e+01 168.1046372177115 383.6465423313396 193.32117037606932   
528 4224 8.394574621950634 14652.897912957125 -3.5391307795047746 3.2470750679267510e+01 257.80309081675284 473.99504288546643 178.01818723093544   
529 4232 8.89550615235947 16340.608523269559 -3.5391307795047746 1.0011707550860835e+02 363.9606453258724 474.4541696822224 228.81236272160405   
530 4240 8.45897717848476 16140.778570453824 -3.5391307795047746 3.2693814463640145e+01 255.6457873240059 427.04200321223124 184.91657652617874   
531 4248 6.917024528034855 17695.088881755157 -3.5391307795047746 5.8366508585301908e+01 257.8700159430023 364.4694764971091 152.9464757928398   
532 4256 5.8289799544017065 18658.679365810087 -3.5391307795047746 7.4987562083609987e+01 289.9351054334399 476.27450463617225 164.52270523759358   
533 4264 5.052886594764404 19884.092509955553 -3.5391307795047746 7.9261452521289385e+01 277.175544406117 303.2984434598596 61.27135200120068   
534 4272 5.6743585199682185 18766.993877086803 -3.5391307795047746 3.6018123801889772e+01 129.36197328259811 371.50458099638314 117.92377458169435   
535 4280 5.754786802550553 18472.643063006504 -3.5391307795047746 5.7175798929786161e+01 410.02769103706237 476.5779815236895 253.4031313600792   
536 4288 5.907029106567029 21655.614192092355 -3.5391307795047746 5.2083372343259285e+01 230.2018850026425 381.4156991040409 159.5400705996363   
537 4296 6.243278478083239 20157.971809175873 -3.5391307795047746 3.6928234186505222e+01 219.47335816319628 412.3221645574364 250.04383496105504   
538 4304 6.645638681701441 25702.145782252093 -3.5391307795047746 3.0310449843711190e+01 445.130461348101 489.8977321006678 234.29796467103077   
539 4312 6.1074855527509175 24990.52617982089 -3.5391307795047746 1.2245677228030777e+02 279.95509243169187 484.4378319789222 195.77775941467667   
540 4320 6.959856181411984 26501.69514100993 -3.5391307795047746 7.6829094059270403e+01 295.8577789335037 492.5195813095296 254.95493922467028   
541 4328 7.7240117002574395 27603.022117765882 -3.5391307795047746 5.0808420252326464e+01 262.06956994198276 395.8377296961581 119.84459457208351   
542 4336 9.968797608720177 30424.16399464244 -3.5391307795047746 6.2865447883199998e+01 300.58307025879463 426.6780843328236 240.149673468063   
543 4344 12.147204653778244 28532.334196135896 -3.5391307795047746 1.1303537953671663e+02 288.73873698466423 372.5465366685842 193.78546963766252   
544 4352 11.472017168848222 28821.109146149825 -3.5391307795047746 8.3579342615255769e+01 378.3228739884408 486.7243973988127 245.61508293056147   
545 4360 12.010260810275891 33775.20106238675 -3.5391307795047746 3.1980978091265936e+01 133.75034213505555 478.9677295484723 357.30558732796885   
546 4368 10.526786172729809 32840.58758701378 -3.5391307795047746 5.4324752225951968e+01 228.49749021843397 397.10749635868126 120.65100253342933   
547 4376 9.251140498962677 30744.29670702278 -3.5391307795047746 4.5527644770725004e+01 306.84807473918113 497.45262107142014 262.5109274807001   
548 4384 7.984040792295648 35273.6159727774 -3.5391307795047746 3.8087534915592748e+01 89.63407533854826 292.5635177486699 118.31683363555305   
549 4392 7.125646471985551 37142.3634552209 -3.5391307795047746 6.4792188170043858e+01 218.97263269969628 393.81722847619136 246.87318776610357   
550 4400 6.06672884309985 38774.53611696338 -3.5391307795047746 5.6363807611440841e+01 159.35963702654198 409.64238012729385 195.0103325248626   
551 4408 7.93207368856433 36964.25285013064 -3.5391307795047746 6.6740131568412181e+01 273.6079930737743 452.6746675279101 193.22617769733966   
552 4416 8.962312932912365 41665.104285589776 -3.5391307795047746 7.1957460016886643e+01 229.3396890126089 491.9666072518073 284.5082458354333   
553 4424 8.356892983422544 42881.38770757531 -3.5391307795047746 3.6674001986829460e+01 188.16810586703517 489.49603362106177 290.64414585116833   
554 4432 7.949517450119226 40891.181129866905 -3.5391307795047746 3.1997073481940394e+01 293.30855196366355 475.1885217248801 192.47835142799735   
555 4440 7.279972712353036 42064.70714377945 -3.5391307795047746 4.7860921878937418e+01 259.4638442365364 394.0492624160603 254.01085238160633   
556 4448 6.5035008926044835 41970.27397998345 -3.5391307795047746 1.3658295049549267e+02 387.62238296390206 491.2827034628878 208.71286719322208   
557 4456 6.187840567850828 45393.457846821126 -3.5391307795047746 9.9592401211054678e+01 422.8891423032107 464.6730950602266 262.6559973846608   
558 4464 7.351153075119487 47772.540729934124 -3.5391307795047746 1.0066704106220868e+02 368.6551529731762 424.930573923984 177.8175311807775   
559 4472 9.141575028389042 50857.58851491838 -3.5391307795047746 4.1722679390199851e+01 249.15383152256467 462.8711380613321 253.25623881936735   
560 4480 10.586361490047437 64785.387122192005 -3.5391307795047746 5.1878121782658951e+01 409.1033882443133 467.8423638326344 119.00218236749481   
561 4488 10.805520487963566 57429.62608748107 -3.5391307795047746 3.9928416382082005e+01 146.1976965703371 491.3055385382491 359.4170082106491   
562 4496 10.018613115485872 56217.95476408583 -3.5391307795047746 5.2881163558538006e+01 413.92457930155746 489.9331908258251 175.95225053150943   
563 4504 10.07018477761073 55477.504645454566 -3.5391307795047746 4.7807795536003560e+01 189.2753635090997 480.92781972124686 128.89220095437085   
564 4512 11.363880581594922 54530.2541242126 -3.5391307795047746 1.3091090649850258e+02 253.18237313915938 483.37304912706526 285.01872129480176   
565 4520 10.397252061627563 58748.42040910771 -3.5391307795047746 6.3442833485586149e+01 395.4829386870736 490.5491220848736 283.7156838768017   
566 4528 9.815321986019683 55095.68926290228 -3.5391307795047746 1.5731017691570941e+02 373.3608053144815 439.11143342001833 176.57719191641655   
567 4536 8.546164513351481 51410.567608025296 -3.5391307795047746 5.8324531988989619e+01 266.1265790396084 330.77198636180196 178.26124565240576   
568 4544 8.459832556751946 56959.65627633029 -3.5391307795047746 4.5138062448374967e+01 296.47240369375754 465.8297744173258 195.73979673176154   
569 4552 9.40079159196082 57701.47095147436 -3.5391307795047746 6.7902772271869452e+01 258.9255518218442 419.8885380282492 269.52028144644856   
570 4560 10.81078387915086 65468.68799275756 -3.5391307795047746 8.6877876060180853e+01 261.8306180478078 459.3209400886464 153.8085721871952   
571 4568 10.36180233051759 57852.99171046377 -3.5391307795047746 1.0397036690627256e+02 276.86328929051547 483.0279189334802 187.9027899895451   
572 4576 9.433808528046391 55436.965759891915 -3.5391307795047746 4.9832946746935853e+01 219.9668940404797 467.46217418289416 228.2456623701476   
573 4584 13.316478114141235 57105.312008392364 -3.5391307795047746 3.8648493866985817e+01 339.93840202707685 444.36823568347455 223.14937691840115   
574 4592 13.475456915990502 56756.447774379056 -3.5391307795047746 3.8110340243452619e+01 213.75411821104424 378.02861440324796 147.84587650455   
575 4600 11.544282681090397 63079.460463490796 -3.5391307795047746 1.3254245479287948e+02 391.4847158641873 461.5550688415531 150.85859728137433   
576 4608 10.5487360677197 61146.434049618634 -3.5391307795047746 5.6877528253857022e+01 367.81445832588753 455.0674035817082 150.0032828326547   
577 4616 10.786540480680946 61307.3811673585 -3.5391307795047746 5.8619860115024501e+01 244.73487057526393 289.46034335613757 87.04550717661755   
578 4624 8.791052559109408 72129.65762242247 -3.5391307795047746 4.5705065500938410e+01 389.06781406720717 494.55050668618094 341.7752134866058   
579 4632 9.912088269534072 76004.73080017418 -3.5391307795047746 3.0294940600852669e+01 289.31065598887835 444.63752418697567 108.0761733995621   
580 4640 11.17261102210729 67440.10756164709 -3.5391307795047746 1.0904656709072533e+02 369.4063629285606 491.35735353796815 294.5350507108079   
581 4648 14.081222032652738 74370.60037758642 -3.5391307795047746 9.7179651771403158e+01 318.6464057164955 470.0629663293281 178.68523640624116   
582 4656 17.82567674103047 68173.5551957071 -3.5391307795047746 3.0271244456028395e+01 380.85461936322076 482.27993830109443 261.5467212270198   
583 4664 29.356518857254123 67159.41166851897 -3.5391307795047746 5.3189973168681526e+01 345.7471646141734 404.8916309698703 101.70681416722124   
584 4672 31.13732808552646 73194.82396877953 -3.5391307795047746 1.0723285161566542e+02 287.28568298507525 479.4676086103045 126.89481407578694   
585 4680 40.76455504410995 71407.8376291464 -3.5391307795047746 1.6259349816154310e+02 268.0332436306775 415.40037942343105 156.3365706267212   
586 4688 61.4822188206429 64638.75658385138 -3.5391307795047746 9.4144082799655919e+01 271.1997776331108 464.4726748513841 153.59415809972933   
587 4696 111.53593061247888 57989.53278549495 -3.5391307795047746 5.7812678582083187e+01 315.4667831273658 489.06411034725227 333.3943016261003   
588 4704 229.6011513377258 61127.540214176544 -3.5391307795047746 5.0607866507867101e+01 188.39488826916266 1000.0 177.11090382712726   
589 4712 315.54609122123117 77023.27379283513 -3.5391307795047746 9.2753618496305080e+01 394.37156693198193 1000.0 564.7033478343699   
590 4720 419.390469465663 79718.80245948165 -3.5391307795047746 1.6650424350746641e+02 361.73971979539374 1000.0 265.96215998364084   
591 4728 463.38521083703665 87148.13374754469 -3.5391307795047746 1.5145146359003888e+02 398.5731971536236 1000.0 460.677416204784   
592 4736 482.58899923826425 78629.38262232416 -3.5391307795047746 2.0947873038201911e+02 1000.0 1000.0 603.1669214115789   
593 4744 587.283958595482 72468.99022209221 -3.5391307795047746 1.2288471255256448e+02 351.4324331662105 1000.0 741.7180255039343   
594 4752 515.7922642355074 57615.5197444014 -3.5391307795047746 4.4668241115504486e+01 424.66059237827614 1000.0 513.7388918806561   
595 4760 488.4166150115955 48335.75017337096 -3.5391307795047746 6.1163628056502731e+01 270.3352405582126 1000.0 901.8927225857998   
596 4768 381.8388688845957 49628.65317442286 -3.5391307795047746 3.6755276545802609e+01 373.0735261650511 1000.0 608.5304972183329   
597 4776 342.15426174286824 55866.81729131021 -3.5391307795047746 3.3719482250097535e+01 242.29528504582117 1000.0 530.7493199589544   
598 4784 277.60338104151185 68821.23976391772 -3.5391307795047746 1.2064705710331666e+02 329.2955327136327 457.06072419857827 224.9953484657895   
599 4792 249.50275240361097 68437.34254258423 -3.5391307795047746 1.1099195824583198e+02 465.19520303636943 1000.0 448.33720927624825   
600 4800 202.00843854707838 80814.45255172363 -3.5391307795047746 4.3332384054459567e+01 378.2926685974188 1000.0 357.48366635523166   
601 4808 159.0442536706007 86347.20437468021 -3.5391307795047746 1.7466675320904380e+02 365.1661182939675 1000.0 428.3341298328362   
602 4816 146.80383477474524 103558.81430126354 -3.5391307795047746 4.1248314509128178e+01 434.9545922326791 1000.0 846.9246470509706   
603 4824 145.60059260531696 125158.71145764623 -3.5391307795047746 1.1195681562159832e+02 282.7964365884145 1000.0 211.9000935750638   
604 4832 130.43418156974744 129460.46402805418 -3.5391307795047746 1.4197304357568055e+02 377.4953652037019 1000.0 781.5889395850226   
605 4840 113.34815273372723 168808.60795291787 -3.5391307795047746 7.9521067119677582e+01 302.42841542964436 1000.0 298.7821339784859   
