% # columns="iteration, evaluation, sigma, void, void,  stds==sigma*sigma_vec.scaling*sqrt(diag(C))", seed=285079, Sat Sep  6 14:53:54 2025, <python>{}</python>
1 8 13.745932791631896 0 0 13.690118978251219 12.530883779594683 13.513224984526524 13.36367847233967
2 16 12.294980479915179 0 0 12.171734273046273 10.653504806510174 11.726876791098892 11.222616746515659
3 24 10.07138954683646 0 0 9.938740747950371 8.371044872500619 8.850584310176322 8.214593265787604
4 32 9.817987610603753 0 0 9.377855470404048 8.415869835813837 7.645231938841511 8.226278283080411
5 40 10.689415121458676 0 0 10.120137726150434 9.109979244983206 10.33731458099617 7.376262193620834
6 48 8.961432797461345 0 0 8.501981395639213 6.7254907333743805 7.760709683650825 6.058908274229367
7 56 10.22840845955095 0 0 9.64646344720078 9.151870650943902 9.069975192311237 6.534960561904454
8 64 9.884844771635812 0 0 9.086727873337205 7.895883400120788 8.534145866342001 6.062149241336646
9 72 8.55384586395276 0 0 7.905964098537914 6.926625763128134 6.7708348501480025 5.009117350825309
10 80 7.747905901525921 0 0 7.064142556297983 5.9483040121481014 6.351320704815068 4.671757759961508
11 88 6.087085324284798 0 0 5.45770065679061 4.395920982843067 4.530579234798416 3.3892938580114023
12 96 5.251466732409766 0 0 4.731861206117925 3.7367732906129545 3.606515890264691 2.7355114772890596
13 104 5.691938180458072 0 0 5.096365440172976 4.259982502047265 4.155265921179402 2.724881095605938
14 112 6.194894721225609 0 0 5.281278693889991 4.603000715089078 4.522439653324979 2.7616463309879613
15 120 5.428538201499026 0 0 4.365896597769767 3.750208417217924 3.727041440544434 2.3814665679115796
16 128 5.029233785721035 0 0 4.007014482722595 3.4455853438617843 3.36297031552057 2.1006324149021522
17 136 4.3035965417841835 0 0 3.426129991185434 2.8900756803964467 2.7160870858747144 1.7856755782283686
18 144 4.363789304724127 0 0 3.1717271561081075 3.032203479732096 2.618171509188161 1.7713543083268317
19 152 4.237587488451147 0 0 3.0536552868834113 3.0022763367909997 2.489057627381525 1.63651792943829
20 160 4.63942939331828 0 0 3.229351231521414 3.1793669525010473 2.6341158652797563 1.9646779784527708
21 168 4.613963329374131 0 0 3.130403590373014 3.2102698413990507 2.4437131606758498 1.9447612278170334
22 176 4.728350221948548 0 0 2.9457832872076795 3.2490336125914423 2.4514087378846225 2.1112616775098405
23 184 4.998379392096115 0 0 3.2548799529314625 3.277742704287455 2.598263007677557 2.1653385774150795
24 192 4.639040127784866 0 0 2.8455266682488682 3.0386133277061216 2.236835729577858 2.082723412749623
25 200 4.468210366702021 0 0 2.629624899893138 3.147909899242707 2.004238692223796 1.9887266995580672
26 208 3.9944643069145234 0 0 2.2390167118030777 2.7384311791884026 1.5706279776521865 1.7896539195971441
27 216 4.196778449087478 0 0 2.1544727717749534 2.859785256102845 1.8495579908989699 1.8857009293744649
28 224 4.261889293197484 0 0 2.2027858577644563 2.9248580265996282 1.7548232610741317 1.8615209724874329
29 232 5.347313051944832 0 0 2.7023904795298237 3.6690797732609335 2.4937351627192528 2.406905110429007
30 240 5.737339250382556 0 0 2.8958706350587335 3.7025628254000695 2.784841525073504 2.880253707608928
31 248 5.459726506426015 0 0 2.7545455650218185 3.543560549124402 2.4802929350713225 2.6463649977154278
32 256 6.448878308012019 0 0 3.2635798656627633 4.209704472245867 2.9165540523191136 3.0429848105185924
33 264 6.752908893664947 0 0 3.4921170953972984 4.43968113519278 2.8834447016042244 3.228918314395839
34 272 6.491485811844375 0 0 2.924771581859813 4.247562910445594 2.8221587593372064 3.1118365570329667
35 280 6.487427457237539 0 0 2.9909285961182706 4.459673207473861 2.893062080261513 3.1144216085414684
36 288 6.1268632604679 0 0 2.8927886594699204 4.245594374575349 2.4823894328406166 3.1009758814844512
37 296 6.273327636155763 0 0 2.705185315030594 4.272192825936194 2.5518312257362483 3.3136842103995376
38 304 5.817956220970045 0 0 2.469768265096293 3.890174294216893 2.263349258914415 2.956418348380776
39 312 5.408268920247049 0 0 2.2495279055727475 3.715745662156683 2.1835250864445532 2.7741992887366176
40 320 4.864548181333686 0 0 1.805891002088665 3.124369606748047 1.8687016347075571 2.496568895024407
41 328 4.472286905821528 0 0 1.6135129855887573 2.775082637003167 1.6595678404388667 2.367948767759053
42 336 4.067712419274364 0 0 1.5040560717601836 2.5872424269045218 1.6460814006377853 2.1037144240346937
43 344 4.036618489997958 0 0 1.5086381058940528 2.6868844996967494 1.6437372417296068 1.9426898587504229
44 352 4.231530450200936 0 0 1.739957284635616 3.2444623724984645 1.8694191733059333 2.0190460146331657
45 360 4.914585702097489 0 0 2.032383097176533 4.007144870998112 2.0442485244516417 2.397144829679332
46 368 7.161855407900353 0 0 2.989073797108978 6.471066622798766 3.038200315091494 3.392076538587269
47 376 8.62923239342883 0 0 3.5686206870067547 7.687379774339281 3.4767183206829166 4.214710495960283
48 384 7.029701416317626 0 0 2.815634399054585 5.835198653237009 2.7502426722069973 3.3417983390165986
49 392 6.5576784984835195 0 0 2.7154099802124447 6.1924022493430915 2.613833611613404 3.1002377437317556
50 400 7.207077046999111 0 0 2.963231312230524 6.8670934480659165 2.9138365424973722 3.505344685142883
51 408 6.37034829253292 0 0 2.519875460566466 5.942522542972655 2.466055312132601 3.1642297156105514
52 416 6.085734646063055 0 0 2.360846933446783 5.4983871511045965 2.334054688598478 3.094479775306327
53 424 5.807154193068698 0 0 2.2840964078137147 5.21253691617577 2.1770784850519007 2.6934212282760175
54 432 5.018848673258023 0 0 1.9673096561838308 4.454605576404003 1.928054868060985 2.3745767178280177
55 440 5.161249204893831 0 0 2.232174110942313 4.578933482882648 2.0837700808601953 2.3316341426817595
56 448 4.798460460248183 0 0 2.056520999315691 4.197942768169019 1.8662860962418621 2.3885837121700835
57 456 4.377518692067089 0 0 1.6435976995495458 3.693666161088374 1.5298286654691093 2.268874339465064
58 464 4.195066362362602 0 0 1.6327821278984889 3.5059195403847325 1.5007807644198592 2.137407385521914
59 472 4.1832368519265755 0 0 1.6362337364836312 3.5579177901768526 1.4818519681960802 2.1780396108859588
60 480 4.66329072623613 0 0 1.9010825048930102 4.012886408884856 1.932715782985123 2.633630330618654
61 488 4.467696557659312 0 0 1.935883852648883 4.016980960542872 1.848737437470904 2.4234208853084014
62 496 4.983118875981844 0 0 2.468180888734773 4.400190088575833 2.3778338349695374 2.73180441045172
63 504 5.527238984637894 0 0 2.5870480407528316 5.008113103964984 2.5403948152428146 2.8682088280664653
64 512 5.338383365179012 0 0 2.5115938490919163 4.845170868538132 2.462433418045448 2.7133685611607
65 520 5.413535651238595 0 0 2.556398142142863 5.100333460547797 2.4525279102994375 2.834246794538729
66 528 6.19732798029925 0 0 2.7912751994714267 5.354360521859787 2.799883534131664 3.4464699564093757
67 536 7.424220321606317 0 0 3.235974248508098 6.041125315093516 3.1672978183468397 4.004075492606979
68 544 8.74828802393792 0 0 3.8367714791704315 7.0863729718733195 3.666827689353345 4.5610938661923335
69 552 9.895127829931395 0 0 4.3550750255488575 8.239623954826923 4.174818730286769 5.252345119976227
70 560 9.940335710245884 0 0 4.498218617630338 8.358026332506583 4.186912830846663 5.1596854829365135
71 568 10.350621321003413 0 0 4.595561127472108 8.236077580433902 4.301567850099439 5.340437445903362
72 576 10.059964036066333 0 0 4.4735182277306595 8.093320759222502 4.233901717362498 4.869351360243084
73 584 9.14198101016193 0 0 4.379393185477069 7.528908927211988 4.057794891302914 4.27788932392035
74 592 9.052499979274723 0 0 4.287212619251923 7.43961093621595 3.889940848129654 4.033299040223059
75 600 9.712007846917947 0 0 4.644221071373249 7.842695463156623 4.236457532928737 4.383290667734987
76 608 13.380171780539538 0 0 6.5429000865095635 10.932120537156987 5.963399146066536 6.107851298764244
77 616 18.87210155530237 0 0 9.476512902200179 15.636976917275803 8.727572521302891 8.531474062834421
78 624 33.08442936943149 0 0 17.0106972942521 27.720175147860225 15.687176127261539 14.736421997760464
79 632 56.294340918009055 0 0 29.635905649809473 48.46853985710129 27.15527061645494 25.774492694619244
80 640 97.09726448664746 0 0 52.320326602489864 85.66688587211246 47.3643720542506 43.2236442629013
81 648 97.81184481968695 0 0 52.70865033996331 86.24676116638405 47.24860671691866 42.00393667309712
82 656 78.67719308258006 0 0 42.39751750111664 69.46171671736435 37.677396835374275 33.520302447339446
83 664 74.24810543346513 0 0 40.00898687305321 65.53860278514196 35.418985338241825 31.228003759391452
84 672 61.682910645233335 0 0 33.22331619060037 54.32301019018856 29.279435696072532 25.496323974570082
85 680 48.11429803583919 0 0 25.907486678789446 42.26935352896879 22.75377011318987 19.868480076389854
86 688 46.91392864648356 0 0 25.259994653989924 41.257788218037625 22.171348402423206 19.318883129813763
87 696 39.25601057245244 0 0 21.141142366541178 34.55697098995784 18.56477137531532 15.892745920208384
88 704 36.02944833002522 0 0 19.39407276785422 31.62606702499982 17.030187951127854 14.527280888401227
89 712 27.948832903637275 0 0 15.041329969555283 24.44641551244713 13.209716610475775 11.205651683914999
90 720 22.92538937694923 0 0 12.3366545090923 20.0481019697588 10.820180617166478 9.129327867904559
91 728 19.47543386035532 0 0 10.387174001924667 16.738498675899777 9.121414728371162 7.552841830964547
92 736 18.652067037189934 0 0 9.946707159551563 16.064085779228368 8.725219252693508 7.23094955907847
93 744 16.33655821340673 0 0 8.68083514973986 13.98691847992488 7.609863065903912 6.278880695164814
94 752 12.820631516292229 0 0 6.762024023174462 10.91425784777418 5.909039057541482 4.791165599282826
95 760 10.729794097204469 0 0 5.587122753020267 9.078877734107706 4.873617468955948 3.883479563665842
96 768 8.208038583538396 0 0 3.9850420978189103 6.631788109348916 3.4761450857930822 2.88401078337577
97 776 7.06870063022934 0 0 3.4132427330675674 5.700995019446815 2.9680503522561428 2.310072344961942
98 784 5.702516016315096 0 0 2.480744380007773 4.264015289020428 2.1585114906059357 1.7852716015456518
99 792 6.416214235119055 0 0 2.603735236770887 4.318475490036548 2.287565276630458 1.9830076847399494
100 800 6.1125995092834025 0 0 2.3021212511030082 3.7511285488906267 2.0230366362617294 1.847233700563893
101 808 7.546895493719244 0 0 2.6810463776622235 4.46412857885803 2.3519210573445277 2.1879929478111215
102 816 7.648059305829877 0 0 2.6756337625023128 4.413122447728003 2.3494289004019246 2.0902700400924648
103 824 6.774470537618306 0 0 2.351433371210245 3.7822918662147833 2.0692913909414474 1.8468637362980649
104 832 5.155104040165927 0 0 1.7171600426126241 2.7781180317018745 1.5054450065712368 1.3853058121612523
105 840 4.378094957638459 0 0 1.435946142973534 2.2704204688860634 1.2587254547730373 1.1659330506417593
106 848 3.949082337216916 0 0 1.2649368066243405 1.9855276974188336 1.105539361212124 1.030977080347636
107 856 3.8913955311451955 0 0 1.246093714124165 1.9426418859380752 1.0891204786482969 1.0024801351271426
108 864 3.4898011737259225 0 0 1.0895427325220175 1.721304616949529 0.9410548343338668 0.7634191434308257
109 872 3.883922718849034 0 0 1.171974726590312 1.9618081710942437 1.004541199207334 0.8057833209699597
110 880 3.2218835510792743 0 0 0.9726115532931887 1.637621910215507 0.8318829336529641 0.6558842584075498
111 888 2.8368782310584524 0 0 0.8213513397391142 1.4038774174887596 0.6987558108004553 0.5117452781793497
112 896 2.728071692044571 0 0 0.7357816429974668 1.2417626976820633 0.6276982096770575 0.4869531152484434
113 904 2.3528037909489483 0 0 0.5820603657322385 0.9839739986639578 0.49527317689574135 0.40403218128414314
114 912 2.5878063361024224 0 0 0.58889117734562 1.0775590203867795 0.49390067823919326 0.4094787686245218
115 920 2.7838712985615586 0 0 0.6139804731178398 1.1683937373207935 0.5131680129175168 0.4147734660324862
116 928 2.851776894899884 0 0 0.6158753782075954 1.176413494545748 0.5170917606128611 0.40640191735609094
117 936 2.809483007828142 0 0 0.5925198903650358 1.1356870920804099 0.4911076607803019 0.35914407907865203
118 944 3.045409516208565 0 0 0.5660303736705256 1.185010394745712 0.4643044340677436 0.37261634145032085
119 952 3.4334965484319064 0 0 0.63751548604671 1.2776102639468567 0.5220158958077997 0.4127711963571364
120 960 2.651757435524069 0 0 0.46643576946485654 0.9377277198387644 0.38197275548511267 0.31603392878783754
121 968 2.4652775897267185 0 0 0.43029139159713403 0.8416269138619887 0.35241817273144843 0.2836589884889093
122 976 2.1741836816659417 0 0 0.3624797000215041 0.7322170131875744 0.2930278264944716 0.2243448557463864
123 984 2.870386340704456 0 0 0.47064453361577535 0.9045733136807038 0.37762662969758065 0.300705486739224
124 992 3.0942754698372568 0 0 0.48774372128866467 1.0009467533649805 0.3853210840735047 0.3136724743752811
125 1000 3.955384289100826 0 0 0.5979274215739735 1.4287043545933025 0.472840927737963 0.402789690765983
126 1008 4.166132699260541 0 0 0.6147381130777377 1.5026077210531237 0.48270867233306264 0.4091802067395356
127 1016 3.879683537030836 0 0 0.5451782560945481 1.340739313833267 0.42425582598110173 0.3825439578084547
128 1024 4.465626809293291 0 0 0.6024606859406464 1.4363061741758116 0.47138526569112077 0.4224655101137754
129 1032 4.059909871991241 0 0 0.5081798836065249 1.3300600369353177 0.38920669874131597 0.39091949909457985
130 1040 3.4418438305912584 0 0 0.44111746179479777 1.1681817666289525 0.3355859340906722 0.3140965500766603
131 1048 3.0876742411969116 0 0 0.3346471967957218 0.9910160801949579 0.25281598279450423 0.27120719565847173
132 1056 3.1020770048568536 0 0 0.32706101139147764 0.9059017871726169 0.244296384990998 0.28098944068288295
133 1064 2.7615440106665097 0 0 0.2622760658478977 0.7962844527975144 0.19742871663742223 0.23980141329466098
134 1072 3.381294848616614 0 0 0.31348171765287297 0.9725423370295279 0.2326574843455476 0.28308790140311113
135 1080 3.394534541656186 0 0 0.30437086785584505 1.0242057119258088 0.2239740383808904 0.28507820499703723
136 1088 3.0644389678421518 0 0 0.24101561199618748 0.91092854844896 0.17913038404224407 0.25786004117565386
137 1096 2.7414684894630934 0 0 0.20028289959390794 0.7591550358475669 0.14806772452522365 0.22015138864983289
138 1104 2.4813490028403358 0 0 0.1696654373676914 0.6704008046111439 0.12564763731819367 0.1919190287479832
139 1112 2.141526205366256 0 0 0.14037135025711792 0.5760778748568467 0.1020009410318827 0.1660843634946262
140 1120 2.0000178456214113 0 0 0.12817309615689298 0.5299496675098129 0.09185664437959712 0.14809251431259035
141 1128 1.8169895942790466 0 0 0.10884542078915631 0.4697915347210542 0.07789208545125506 0.12934758001539085
142 1136 1.3858854374455682 0 0 0.07569044959341757 0.3510420267617839 0.0529844171397894 0.08832464250802018
143 1144 1.432174126685465 0 0 0.0742248857633654 0.38617922093453383 0.05173087682620192 0.08581067846361774
144 1152 1.4578528956943517 0 0 0.07849741014479869 0.35260575116859866 0.05346034893132763 0.08681896939928195
145 1160 1.770271453448755 0 0 0.0986532407693214 0.4199787432439254 0.06556356789579583 0.09644745322693342
146 1168 1.8223682346266328 0 0 0.09665520405987246 0.420875686093006 0.0644240459329141 0.0985379663119355
147 1176 1.9699797491737332 0 0 0.0985454823570817 0.45270468916015577 0.0654056822388438 0.10540230958604456
148 1184 2.9256743057687937 0 0 0.14318916862959838 0.6997727578130442 0.0945593194428372 0.16036202546378836
149 1192 3.670163427062071 0 0 0.1744567664365117 0.8733946604797452 0.11412022800575483 0.1872633670305018
150 1200 3.482801548254457 0 0 0.1597123885604838 0.8217647407608525 0.10511375060837833 0.17455927154414747
151 1208 3.7608684321226376 0 0 0.16182878066358128 0.9886649295856376 0.11443487404659985 0.17383523475276705
152 1216 3.677078402334022 0 0 0.15353651223158113 0.9555356464328221 0.11062555547193388 0.1614667275302904
153 1224 4.167578530746909 0 0 0.1660394303622258 1.084168327793715 0.12194411999051716 0.17120958425891908
154 1232 4.3929420010342195 0 0 0.17414935815841778 1.1135934264378426 0.12700213375499736 0.1813207261405809
155 1240 4.423074054941561 0 0 0.1731823076742626 1.112248675323042 0.12485405363792838 0.18013206290768352
156 1248 5.005892112545643 0 0 0.19215874774012354 1.3139797194388807 0.13842283603505176 0.1982847124098594
157 1256 4.888002090063932 0 0 0.1850135887661799 1.2464564751328853 0.13252514853624195 0.19369510580497284
158 1264 4.169965099936876 0 0 0.1611405868026585 1.0935289362096003 0.11195517932334137 0.16908661895638366
159 1272 4.501702865172593 0 0 0.1772028019135712 1.3152416006886976 0.11797374207529426 0.1864886465688492
160 1280 4.388652502456732 0 0 0.17178980460304263 1.2423759980292495 0.11438714908452181 0.18112251846595007
161 1288 3.5056023793450475 0 0 0.13756136749596182 1.0414115508269042 0.09128937541055432 0.14496966395635483
162 1296 3.4086382094414622 0 0 0.1316539607925555 1.0006958854874433 0.08738453877066538 0.13822050704739472
163 1304 4.464095982498437 0 0 0.17737376322010173 1.3628071292220336 0.11771231574321653 0.18588466217197627
164 1312 6.6537347502020285 0 0 0.269045485234138 2.107134637821175 0.1794262841883707 0.2811356228438521
165 1320 9.40034758534338 0 0 0.3946599598810763 3.058147945715133 0.25970305178808195 0.40691577530877576
166 1328 9.684262114828513 0 0 0.404606693063572 3.2642615841958444 0.2676515188826831 0.4167876945552825
167 1336 10.940006980172164 0 0 0.4568365874986279 3.7291865475043346 0.30184542435138156 0.470587200555366
168 1344 13.712392584147933 0 0 0.5723569492693021 4.714866006045234 0.37396039656985414 0.5893991869024467
169 1352 28.975298015063082 0 0 1.2426907706651213 9.923852248147728 0.8086796085342844 1.2794819958963228
170 1360 70.27944237489264 0 0 3.0844829317333913 25.29546771298461 2.0103668485474957 3.1791097474045427
171 1368 191.03933112190526 0 0 8.575719871218235 70.18071273789695 5.584283861647866 8.843968215206939
172 1376 519.2987423096456 0 0 23.864088531670756 195.70515454448906 15.555101228463785 24.637187388561554
173 1384 1411.600334761946 0 0 66.45021046463174 544.8297772572677 43.408749238633426 68.54451363511005
174 1392 3837.1275390301025 0 0 184.94191426707798 1516.7426487590242 121.20745215299783 190.58462116134208
175 1400 10430.394062825302 0 0 514.8366503914887 4222.443795316045 338.1020133022872 528.8242600476914
176 1408 16455.20505065556 0 0 831.8196569178853 6822.199235046258 536.1773862239945 852.1583507457285
177 1416 18185.728231877572 0 0 919.256652992289 7539.569706627339 586.0660145959292 940.1064205864282
178 1424 16501.335926784926 0 0 834.0297191285617 6840.770401447494 527.4499333732749 852.1531184988125
179 1432 13236.148656369121 0 0 668.9922233283576 5469.16796026181 421.2390984643284 683.1625156233146
180 1440 10747.704179474265 0 0 543.2061247317928 4440.933396943624 341.14505367818856 554.20704040353
181 1448 10914.956396293554 0 0 551.6575464012759 4510.034798753495 345.97903593492833 562.7485955450053
182 1456 9851.706009824655 0 0 497.87051431628356 4070.625067885373 302.30361336814065 503.26354944376124
183 1464 9035.629031721604 0 0 456.62670747804697 3733.4285941138382 276.8504269917444 461.4887680099035
184 1472 7413.085898499507 0 0 374.5935674509663 3063.004742141956 224.4590869390014 377.1755985251507
185 1480 6060.9699143499065 0 0 306.2711058482054 2504.3269693410816 183.4022575282849 308.3394929994548
186 1488 4609.049206166843 0 0 232.90454352335684 1904.4122482796085 139.4296408597074 234.47159180781443
187 1496 3799.0773930054206 0 0 191.97462490179277 1569.7388490858289 114.87672137004647 193.2413730732426
188 1504 3281.971976517616 0 0 165.8384199154591 1356.0736445570253 98.86294733879602 166.6918347564104
189 1512 3047.8432856026475 0 0 154.00846804147514 1259.3424744608442 91.80651998239489 154.8046049206021
190 1520 3273.6330773520954 0 0 165.4177150584804 1352.5482050441585 98.60342082543673 166.27229698912305
191 1528 2694.472600474589 0 0 136.1551298157431 1113.26352608491 81.14672298084943 136.85108964661228
192 1536 2357.0039590903434 0 0 119.1032897342391 973.8411630121685 70.98149556938421 119.71114096399087
193 1544 1846.4801434347953 0 0 93.30557725410691 762.8870206956558 55.60713655495617 93.78201496385891
194 1552 2363.3167392180653 0 0 119.4218538159529 976.4665331375136 71.14363791595228 120.01301158455075
195 1560 2214.0743970107224 0 0 111.87427139515572 914.7927108764571 65.16767763786403 111.64522486498764
196 1568 2008.9163752563395 0 0 101.50781594605073 830.0282364624447 59.12327026847925 101.29525251665841
197 1576 1736.5729422596432 0 0 87.74645842634676 717.5140817523693 51.09381040206105 87.55355188923957
198 1584 1527.3338868639262 0 0 77.1739064198602 631.0898471435091 44.936761796092014 77.00377111994435
199 1592 1141.0236931604034 0 0 57.65421996309814 471.4517621977482 33.57052869511825 57.526786933281805
200 1600 897.3238720261977 0 0 45.34038627321405 370.76886448361915 26.39987334228018 45.23962352795658
201 1608 1034.7685886025085 0 0 52.2852356536873 427.58069877239177 30.442704628725966 52.16834561553104
202 1616 858.0354686086272 0 0 43.35574175116446 354.56186813517354 25.232667599016917 43.25219764640278
203 1624 643.0479810064817 0 0 32.492697829823854 265.73394464348405 18.910281196027455 32.41489448582983
204 1632 1006.8235555077891 0 0 52.1026187288184 426.1187803831621 30.322738879026485 51.97763645634314
205 1640 1674.0271157683792 0 0 88.7219112054596 725.6322759022012 51.63446622431514 88.50912279777287
206 1648 1517.6292837828112 0 0 80.43303637866255 657.8557930144783 46.810431126286666 80.24018733163712
207 1656 1213.669038800432 0 0 64.32248046216375 526.0814417704065 37.40908633820852 64.15501323699752
208 1664 990.1007277174141 0 0 52.47371603123329 429.1884485916264 30.51795493643297 52.336989447941704
209 1672 787.7664142323072 0 0 41.75251183932345 341.4964985413521 24.313987854170474 41.663748925834895
210 1680 626.5807206600141 0 0 33.21011001644114 271.6365954233839 19.345378808890583 33.14319292684403
211 1688 829.5456524900608 0 0 45.02941667328776 368.3201214313079 26.23083706300856 44.938965518968985
212 1696 853.1052432465267 0 0 46.3082449931944 378.82790324662597 26.975953484476168 46.21541746172876
213 1704 692.1155225094573 0 0 37.566078432242975 307.138255823601 21.645523774888847 37.35956185402352
214 1712 1171.633021963201 0 0 65.12847400207619 532.5043797020843 37.5267413095111 64.77025680793912
215 1720 998.9916442138496 0 0 55.529619577962094 454.0495898394172 31.932727750897815 55.18752739520106
216 1728 791.8307215853495 0 0 44.01442700731211 359.9056068349662 25.31005200343873 43.74266409059615
217 1736 842.187176911815 0 0 46.81351186591669 382.82987930090843 26.918899928813982 46.52399970885289
218 1744 1044.9831197235249 0 0 58.06883499351355 474.98337139350167 33.12540691879545 57.54247295704541
219 1752 830.1374541230106 0 0 46.13002824548231 377.32010953843906 26.311619742369928 45.710569747112864
220 1760 837.3942165410268 0 0 46.533462756279015 380.6203399580128 26.541823889891106 46.11066112837491
221 1768 1038.3875323070959 0 0 57.702652459383664 472.15030121040877 32.91253805851878 57.178507960011224
222 1776 997.4374238793744 0 0 55.42616828271557 452.97348680214003 31.613938587976858 54.92024459603233
223 1784 759.936866028889 0 0 42.228427008741114 345.1260895786634 24.07348916419102 41.83556227641392
224 1792 766.3611826367749 0 0 42.58541832869088 348.0221103894992 24.27695719066078 42.189244439788084
225 1800 901.7346950368933 0 0 50.10800022498478 409.51138332671 28.564625941535105 49.641499218053845
226 1808 1008.7301302050245 0 0 56.05416015611151 458.1060802032456 31.952618412651585 55.53123753840149
227 1816 1663.215892510896 0 0 94.65872474920046 773.5746252111721 54.27446028383891 93.94925560670761
228 1824 1327.1813687570489 0 0 75.53411778307002 617.3032184726608 43.27208733078481 74.94570094757627
229 1832 1348.7351412924156 0 0 76.76148836564234 627.3347610209802 43.9852293343235 76.16650732524305
230 1840 1687.4738181698353 0 0 96.03934465025952 784.8740856754849 55.03003011242003 95.2940396393918
231 1848 1614.5850099783702 0 0 91.88569189113163 750.9684869019502 52.11835807376432 90.88464153105191
232 1856 1176.141090314277 0 0 66.93197843743344 547.0528873529018 37.80303537803621 66.11502133768231
233 1864 1281.728825665893 0 0 72.95966438301602 596.174113439714 41.164248421870965 72.03060958016185
234 1872 1334.437715683711 0 0 75.96199801705721 620.6942092340572 42.84958255581069 74.99168935657083
235 1880 1387.8948454678264 0 0 79.01012786711031 645.5647266560478 44.56064801805388 77.9925671247868
236 1888 1343.653722506144 0 0 76.50022051643548 624.9963442952942 43.13235360327946 75.50416649453423
237 1896 1271.560684338384 0 0 72.39607579944963 591.4684499981034 40.81212917500035 71.44575029625072
238 1904 1725.6810544061937 0 0 100.62790614512657 822.0765502819987 56.69105902927778 99.27526326332637
239 1912 1497.8691591103022 0 0 87.34930627158646 713.5678663247908 49.170993452370986 86.14730319646024
240 1920 2565.0642259984297 0 0 153.2014530296645 1251.3622253486863 86.20409304249856 151.0709429813716
241 1928 2108.7812655253656 0 0 125.95356590943734 1028.7748919630865 70.85934013018797 124.19557498509779
242 1936 1788.9200380726684 0 0 106.849665595005 872.7762680392981 60.085270550109264 105.35188586030897
243 1944 1324.5159421524456 0 0 79.11076814285816 646.2129112895037 44.43291312676805 77.96584074007326
244 1952 1133.8471908782012 0 0 67.72293956671258 553.2035767212813 38.055966541840135 66.75346398997584
245 1960 1024.131301290052 0 0 61.16814347611898 499.6994094063536 34.245994135335465 60.2217839183663
246 1968 871.6787079721192 0 0 52.06253285967807 425.318212621166 29.142338183292658 51.25297547060661
247 1976 911.3920984064956 0 0 54.43448938528482 444.69231803329257 30.470090060510366 53.58797334217457
248 1984 798.6707883217014 0 0 47.698973665914465 389.6752863336076 26.481515685669688 46.83563952879098
249 1992 782.6050615031737 0 0 46.73943664619468 381.87094174462953 25.94592083837818 45.8915155562265
250 2000 1020.1776899547881 0 0 62.39913389995667 509.7915617647263 34.639411837461246 61.266944403810605
251 2008 916.3027314363887 0 0 56.046082915783444 457.88593615143765 31.112131937163785 55.02921660066139
252 2016 999.60761654352 0 0 61.14161630801365 499.5147990964262 33.938776659219705 60.03184286180699
253 2024 737.6053716710965 0 0 45.11617919009153 368.6134702909446 25.04264316588774 44.296755075443215
254 2032 613.5196279524537 0 0 37.526487620496425 306.62440947281493 20.83048442655979 36.84494482042128
255 2040 527.1436753777708 0 0 32.24328533672664 263.481659212002 17.895869413737458 31.656665967898817
256 2048 430.2078814797095 0 0 26.314116159949496 215.04057272761034 14.605018731766426 25.835310681565144
257 2056 545.7618612116732 0 0 33.3822038230708 272.7710542071277 18.527926300024717 32.77462101262281
258 2064 663.8234061740956 0 0 40.61826372102744 331.78917721140516 22.532069855786762 39.86773215009104
259 2072 535.7810157173119 0 0 32.78570581973327 267.81005594416104 18.18740653234505 32.18004152465774
260 2080 418.208295022034 0 0 25.59209978563104 209.0715324735187 14.192199036637358 25.116488771768598
261 2088 482.23394006345904 0 0 29.51077207191402 241.09795663881786 16.366190175979913 28.963016998012733
262 2096 584.8947582755696 0 0 35.717580374147126 292.39394555137267 19.849208431664444 35.099292023142695
263 2104 495.96291054984357 0 0 30.28708871754711 247.95185821750505 16.830836728395884 29.762163304554793
264 2112 577.000506065427 0 0 35.23638045409248 288.6555913952769 19.575807881069096 34.62287708573358
265 2120 449.48231619975576 0 0 27.448694792606698 224.8635896896845 15.215474337935753 26.95271018213901
266 2128 342.5274327892947 0 0 20.917253992839296 171.36644255078465 11.59626017444961 20.539752516732165
267 2136 285.72083572229207 0 0 17.44280774787778 142.99877165989042 9.665822186548905 17.12367207749711
268 2144 262.8367650758018 0 0 16.045844159540763 131.53121693443595 8.891801177834973 15.752193071093998
269 2152 369.8125416235211 0 0 23.122108877640887 189.52926501659283 12.813487774111861 22.69947462367474
270 2160 276.6341698988223 0 0 17.296535765412692 141.79635749947013 9.58547158899982 16.980745650144915
271 2168 392.1439127937293 0 0 25.110390934072118 205.87798156208942 13.915064451431471 24.651666687300576
272 2176 299.456695950805 0 0 19.17523013588154 157.19730869036232 10.625783207207418 18.824182321806553
273 2184 290.39409503278193 0 0 18.595071846080536 152.41199102262533 10.30462754301963 18.255297451400555
274 2192 253.20474785319075 0 0 16.2148614305514 132.91895897743572 8.985077675284732 15.918232487164868
275 2200 195.07529935543897 0 0 12.486764977315376 102.40449375898454 6.9196081190824605 12.258387584014741
276 2208 190.08521679770942 0 0 12.185611547078523 99.77838269048209 6.748090072035719 11.956978352268203
277 2216 160.28685225131926 0 0 10.192286324549409 82.48375312538124 5.6728900378072264 10.009044663311904
278 2224 133.54749402416826 0 0 8.477816146116787 68.27555937982167 4.718615778429785 8.321506751184913
279 2232 116.74224127393491 0 0 7.409552427904838 59.747161709893895 4.123752462637744 7.272408935633131
280 2240 94.59826916890758 0 0 5.865865562860217 48.37607932562728 3.1811562950759944 5.688258382075056
281 2248 127.76963268710459 0 0 8.135120167234737 66.98888422077661 4.40264710020409 7.885141546525396
282 2256 230.01480048745856 0 0 14.995458774786488 123.53209350026495 8.109244199165284 14.528499316408784
283 2264 280.3118765134534 0 0 18.27859099823887 150.5625604116694 9.885270604577364 17.710443763431595
284 2272 332.7308566130287 0 0 21.71250260176279 178.86327048365277 11.743774295728205 21.045501054668723
285 2280 292.85609961494976 0 0 19.106550475657098 157.46660610172876 10.327958031731807 18.511935747980164
286 2288 218.80905678330308 0 0 14.275196817358283 117.37879058576505 7.7161526205494715 13.830880838731266
287 2296 197.52618757549965 0 0 12.88902370924126 105.90754237975182 6.967584833918174 12.488433615723883
288 2304 199.8860253492456 0 0 13.045517450523128 106.54683610160312 7.052837479502515 12.638600343072873
289 2312 261.4206567891598 0 0 17.436187984467647 142.48159219221432 9.446871657779534 16.92127924530273
290 2320 232.87993109405957 0 0 15.534690465877645 126.93965064558343 8.415392502825766 15.077137504153757
291 2328 219.21386032236583 0 0 14.626939060814774 119.27915222524814 7.927228524760882 14.201077592868756
292 2336 175.92441828826486 0 0 11.742858679253283 95.74371168528187 6.365819083891025 11.40300997050412
293 2344 203.56728283714293 0 0 13.582526504071181 108.94220027016335 7.357593113792342 13.178018521057169
294 2352 184.39242194860142 0 0 12.25133690302947 98.94512875278136 6.6392114250815695 11.899405433959576
295 2360 220.19858315602184 0 0 14.563308557463706 116.69390733837129 7.877019268304365 14.103557297973373
296 2368 234.67986858408915 0 0 15.525388963813581 124.29154862210922 8.382936415452123 15.03765786777273
297 2376 195.72639716770445 0 0 12.94873443201087 103.69776231488977 6.993572682632369 12.543287002741893
298 2384 255.41753984617623 0 0 17.298856106952627 135.46851048586026 9.325793730139862 16.72416936999473
299 2392 235.9863602491396 0 0 15.977276408995845 124.90418152567727 8.61881737117281 15.458948382167865
300 2400 235.83690653110094 0 0 15.969730460393354 124.86877516506976 8.60776897618851 15.444307192136566
301 2408 194.06185093609307 0 0 13.152681030938462 102.95824207086343 7.08292615513033 12.713779691780546
302 2416 160.83278734224214 0 0 10.892047612372474 84.94526048865642 5.866758742556755 10.521664378163626
303 2424 156.8398112082571 0 0 10.554175407242214 82.44057641314551 5.719621075565581 10.227042027923352
304 2432 170.33320392632928 0 0 11.485558624179964 90.19062451595168 6.292422910317043 11.180404097756876
305 2440 160.15541914094763 0 0 10.824393692489771 84.65938700334671 5.933019593312882 10.56133721613894
306 2448 161.6166141240643 0 0 11.001802593421381 85.46419131206154 6.089550860495652 10.809903729549402
307 2456 148.48061924347442 0 0 9.65739035610553 78.1649960771226 5.493988071053166 9.622490311270676
308 2464 142.0412720510021 0 0 9.171585608596914 74.00261526640283 5.2393351748222505 9.167359342294862
309 2472 118.13179468697524 0 0 7.607567418417702 61.70188840483244 4.342124978792796 7.599163267857393
310 2480 165.6591780714311 0 0 10.782644065008967 84.24950884406965 6.214617523090789 10.811977145781784
311 2488 160.28295917587096 0 0 10.440211372181356 81.48928892049324 6.012494345794868 10.46047389730432
312 2496 181.60942445489434 0 0 11.833833827058557 92.29817442706214 6.7583207651444415 11.834169869360048
313 2504 139.63279311441943 0 0 8.865148138029635 68.95000811797122 4.966703145511199 8.756260590668072
314 2512 117.32392995200857 0 0 7.4267935110698735 57.81051675293935 4.159451468425632 7.334718111639822
315 2520 121.30316106365348 0 0 7.6181281612067036 59.24217752354963 4.301033649535744 7.573488304628854
316 2528 222.39690428179173 0 0 14.352866905605152 111.36268721982074 8.132649157993944 14.31078299827506
317 2536 191.65004306121762 0 0 12.447485924139684 96.00834238461735 7.053258416871149 12.449296129269644
318 2544 177.14266864522986 0 0 11.509154092224374 88.85438092187931 6.5490933994388945 11.545395605617138
319 2552 174.21585071112352 0 0 11.342615314743444 86.48171177045421 6.431708699638919 11.337152283541828
320 2560 150.27355349817992 0 0 9.787655718606318 74.60702861339703 5.539932914654346 9.769734737665878
321 2568 166.6590169428515 0 0 10.855635204507204 81.08937928868288 6.142342516664723 10.838552158661757
322 2576 141.42432571375807 0 0 9.198816647334843 68.58407502340555 5.203875862746687 9.18362819687832
323 2584 115.64170591648025 0 0 7.49237390417129 56.078327346427976 4.246033743713188 7.483243985265519
324 2592 104.618307702444 0 0 6.781087656269936 51.01289563952146 3.8372522560848594 6.774237085315469
325 2600 112.40064405075339 0 0 7.0215905463647035 53.67983549284935 4.00645447946878 7.054936196869131
326 2608 124.59294129574909 0 0 7.849226808210444 58.87754128268788 4.513999487533552 7.9067993056504795
327 2616 104.52104511247225 0 0 6.555225739886372 49.175833074670514 3.782442481725603 6.583138737002646
328 2624 98.97961115349725 0 0 6.20469329262015 45.41985695368232 3.56771160593574 6.242823612056515
329 2632 85.48483900869897 0 0 5.318158414739784 39.25305896198883 3.0546205624310017 5.3474989481813555
330 2640 69.12477477540588 0 0 4.283820935787737 31.30394479147593 2.464547704265534 4.314248715355885
331 2648 65.12532805951282 0 0 4.393342241968919 29.524042919483446 2.5109948457541837 4.435815997248163
332 2656 89.6392720507792 0 0 5.972017524569786 41.657142113378285 3.4328551668131664 6.025603682398106
333 2664 135.2754427077995 0 0 9.205861338547349 64.36893044440677 5.281835740009332 9.267189776951922
334 2672 129.30723728973058 0 0 8.822165715348577 61.98120849323544 5.076379364310804 8.88284904007775
335 2680 167.46676496794092 0 0 11.661437675308672 82.26744944778183 6.682667294165018 11.691728682078184
336 2688 143.11418378363723 0 0 9.988441072249184 70.35760062535664 5.745879810677439 10.026512348901717
337 2696 161.2995449871419 0 0 11.285193331548232 79.6585402839161 6.51799808228735 11.353003146359782
338 2704 187.24258853583947 0 0 13.032204404436323 92.7029289831543 7.456813562604763 13.061120795223776
339 2712 151.02352338055206 0 0 10.501943194986515 75.12340203662855 6.010613194368592 10.524311228957167
340 2720 174.53357355387962 0 0 12.20412251981984 86.86197809422455 6.950719476622503 12.21138730132924
341 2728 204.17566722159353 0 0 13.95882071667777 99.9651612758277 7.90782134808081 13.952124161060045
342 2736 290.99270150744223 0 0 20.370506790614535 145.9095287763115 11.531184654574133 20.357557371497325
343 2744 242.889391648836 0 0 17.00279176187414 121.82174742206263 9.62173327549725 16.99169401387622
344 2752 268.3540950631065 0 0 18.79123401731983 134.6448930917437 10.631628412389198 18.780871788929687
345 2760 263.3426589353207 0 0 18.444753865054263 132.12683024100104 10.446229456077061 18.448081340954328
346 2768 279.8104035306642 0 0 19.58568815589884 140.40516519838482 11.102502195796466 19.60483829158242
347 2776 274.8171979396938 0 0 19.237309024446088 138.15003331677198 10.890225681883384 19.26213993841934
348 2784 259.42656378677634 0 0 18.15748645588636 128.33584679631556 10.273546085733045 18.182053338623668
349 2792 243.53879261853774 0 0 17.036095501459855 120.52402735874443 9.611732517466962 17.040132555388933
350 2800 222.0172442814663 0 0 15.529917086561289 109.94487416935301 8.756352699762449 15.516541494595941
351 2808 178.54811805226714 0 0 12.489147748299034 88.52959298355198 7.038784496053513 12.470684667043331
352 2816 181.34596558811435 0 0 12.691543390682561 89.82441639463602 7.153468802511565 12.676659554489317
353 2824 249.744017689253 0 0 17.933320025630834 126.68429196831786 10.120898473431524 17.937634375330116
354 2832 226.6276165779536 0 0 16.282946133869995 114.9731318256885 9.19342206984552 16.28928939486937
355 2840 204.0303678810462 0 0 14.492593020894919 103.58811726417784 8.194364971478628 14.509327543302321
356 2848 174.36574151422008 0 0 12.36095728362122 88.51698773414488 6.982121378936867 12.373647609383822
357 2856 141.90407916875805 0 0 10.049157983841244 71.80740740474982 5.659279443866752 10.06114043173271
358 2864 121.00109219397189 0 0 8.571075223700234 61.38183461470019 4.81944268532572 8.569968188882179
359 2872 141.88419592973318 0 0 10.02114352856112 71.3596973213427 5.647922642060573 10.061637174570578
360 2880 158.7666671542705 0 0 11.395862095276783 71.04627908778762 6.513140916229075 11.534570837020523
361 2888 148.29519677638004 0 0 10.692893141584268 66.3381081647977 6.098075409692345 10.825942771992738
362 2896 134.14737031208466 0 0 9.680849370213947 60.442334614730655 5.5379491815717135 9.808853428256898
363 2904 115.87186719932481 0 0 8.348523527736766 52.255403497432496 4.812399845767132 8.473004141054611
364 2912 116.7195428004757 0 0 8.276026857828205 52.586002910582316 4.742106531267432 8.380039741753672
365 2920 101.08202860128903 0 0 7.120427946000536 45.00233657993676 4.044347359537695 7.198821848298909
366 2928 102.60558111913718 0 0 7.138284848560661 46.06892645414729 4.049604887213384 7.211894776283916
367 2936 88.02083406784888 0 0 6.09537313831542 39.35495595170703 3.4482299728928005 6.149495852377434
368 2944 79.64889093710752 0 0 5.307322601685569 35.53480313453354 2.987352557576392 5.333671833038728
369 2952 73.3882357062187 0 0 4.953032513794885 32.7236855321954 2.7732678242749755 4.966856118763754
370 2960 61.58580224533899 0 0 4.088820656189895 27.331303410488303 2.2976917047986216 4.098490526751819
371 2968 45.998009286376835 0 0 3.0606387212035897 20.01265677295586 1.716628985569466 3.0677614611442587
372 2976 47.40628861045337 0 0 3.1435885037840086 19.3353177021028 1.7588471212002694 3.152074801389778
373 2984 59.138611325731375 0 0 3.5789756186916364 24.135026525975547 2.0214718993755003 3.5978132490435306
374 2992 56.51981063107894 0 0 3.4639005961189318 23.135805724007895 1.9306751803802695 3.480744026262102
375 3000 53.026083260204906 0 0 3.270469056153735 21.96384554066301 1.816666389598198 3.281354536403215
376 3008 66.65631725203298 0 0 4.366809055530783 27.780709703554585 2.41810385204301 4.4084760885802705
377 3016 76.63512595721438 0 0 5.087889119251425 32.05420443881682 2.81341765364383 5.14409072306815
378 3024 96.90473996452675 0 0 6.397633171435448 41.07299428167203 3.536675347237628 6.466035682797133
379 3032 96.98915113256015 0 0 6.420885766657437 41.22076378662359 3.548938100322779 6.50563668244489
380 3040 97.14501412834707 0 0 6.4742742903051615 41.03426365780774 3.5921725746842466 6.575455959499208
381 3048 99.71492336646392 0 0 6.442741786632242 42.06423326513933 3.5790318182752303 6.551496044999008
382 3056 96.88924836082701 0 0 6.040540164023888 40.851101414675654 3.3507252634425853 6.129099874928928
383 3064 83.21861892662281 0 0 4.96529905432457 33.09487189505766 2.7654606164724442 5.059474370072144
384 3072 98.9551320913339 0 0 5.873054590266542 38.85948203679979 3.2788478614738845 5.995746483294218
385 3080 109.54587230215284 0 0 6.470286853171426 42.73737197923404 3.6041805119328676 6.593465325118646
386 3088 88.00666337222107 0 0 5.202792107999238 34.05663529835431 2.8900636769082437 5.295055163194785
387 3096 105.02889477854424 0 0 6.156274363352188 40.15957911637763 3.402357816183633 6.252006881581575
388 3104 138.00160860936253 0 0 8.270538969608308 53.591444895108175 4.571964539619925 8.395102203333407
389 3112 126.93210387162402 0 0 7.612430217656489 49.28286117114049 4.221039871424227 7.740812278032312
390 3120 129.3079873446828 0 0 7.787777089107657 50.3465291776569 4.3199068747111795 7.91144412616709
391 3128 106.94235100110022 0 0 6.391477747196374 41.51444530431221 3.5335182746143836 6.481631422574598
392 3136 109.30559372042919 0 0 6.521186393364168 42.28918210321236 3.602597134010337 6.609830726178912
393 3144 92.77456194406828 0 0 5.529393896417443 35.78316765550349 3.059941277791933 5.6033663637346285
394 3152 95.50212901815232 0 0 5.692755918954144 36.0834563319503 3.1486166378543103 5.766349071070231
395 3160 89.65563661263263 0 0 5.350870570005495 33.97797016439837 2.9575209041717736 5.416385554369684
396 3168 90.43422373109146 0 0 5.350479614071607 31.585894790467915 2.960005691551385 5.4236799724398805
397 3176 73.89084203567126 0 0 4.3478585512835854 25.106303668045502 2.4047619034567655 4.406598144969817
398 3184 68.78183294633777 0 0 4.062020261513267 23.45373142933566 2.244895639739685 4.12001989021211
399 3192 72.01560230768354 0 0 4.262577496540174 24.4987128819277 2.3577698149369826 4.31972826354336
400 3200 63.84107076454488 0 0 3.724842923125781 21.508637042292413 2.0537376433068117 3.7676817698373526
401 3208 66.0518962042187 0 0 3.837251624147182 22.606200298643287 2.126195285347502 3.8843053648237835
402 3216 55.609479961733236 0 0 3.3013966195112316 17.983838154518565 1.815234597417077 3.342116582728764
403 3224 48.519624989534364 0 0 2.811578123116354 15.741918456785697 1.5631403200763772 2.851493179838333
404 3232 46.8086068589122 0 0 2.6690412750035697 15.161694406135357 1.4855960168733144 2.710245327354504
405 3240 43.28316920421008 0 0 2.555066933325768 13.531423031447911 1.4187345811517993 2.5954289267507518
406 3248 39.041417227392195 0 0 2.3373997778732427 11.795090845254323 1.2970016592182865 2.3730694418772353
407 3256 39.07328351630787 0 0 2.2488208790069075 11.566727447867109 1.2522755666319125 2.2809345214335255
408 3264 35.91229871761465 0 0 1.8844399597426387 10.473134082471628 1.0600645101196517 1.9130957120303125
409 3272 33.27507285826871 0 0 1.719714577324671 10.252458397734296 0.9799798795342926 1.7510320780403983
410 3280 35.57443175026466 0 0 1.9366822166894322 11.104056684306196 1.1027464617909326 1.967799525215591
411 3288 29.506034954626482 0 0 1.558054476855052 9.23763722163418 0.8878586029808374 1.5790759124334508
412 3296 33.98800629237189 0 0 1.657601034264373 9.641764924783258 0.9402317741240334 1.6789842588619965
413 3304 38.699950049204084 0 0 1.8696701576979278 10.568882070026964 1.0709177661837312 1.899872490846811
414 3312 36.79125650194546 0 0 1.8781974134735842 10.238558255619616 1.0819700851509486 1.914139440625279
415 3320 39.62009561886824 0 0 2.350443644007662 11.737984968533148 1.3483419143463593 2.394145636437801
416 3328 40.951551771826466 0 0 2.3490875940266833 12.555243541758006 1.3470454040888935 2.3859366191609275
417 3336 40.11105874221198 0 0 2.128998428784901 11.11128164025978 1.2178830367460078 2.1702143755959007
418 3344 48.5158231251483 0 0 2.5922156814517368 12.746490540554113 1.4911944238711883 2.6498377702490097
419 3352 46.82172388550883 0 0 2.254796415278201 11.888420195379412 1.3010223428957057 2.3076483665049374
420 3360 53.97620123712331 0 0 2.5314158252263095 14.312083177336737 1.4622777740043404 2.5940662260992298
421 3368 44.71943890709083 0 0 2.08616593549724 10.978541437424633 1.2017948873863933 2.1368941618360164
422 3376 38.16299778806709 0 0 1.7791898648893467 9.854794527130364 1.0190482073643037 1.817541516632215
423 3384 38.92385207593919 0 0 1.792769166382932 10.079100142860758 1.0262876396230551 1.8323806115606276
424 3392 40.51262511648126 0 0 1.8217560056099082 9.255646820499827 1.0397772961402798 1.8634617000742115
425 3400 34.090925027212506 0 0 1.521815600560738 7.251356560124869 0.8680535803366328 1.5579637600356735
426 3408 33.781218655969695 0 0 1.4649714867121724 7.245635339711776 0.8306037888557561 1.4966038206141141
427 3416 27.671767208664306 0 0 1.1156499060111482 5.295282692939726 0.6375508221739421 1.1438084376677486
428 3424 24.816114116359174 0 0 1.0291975932237212 4.346557543328328 0.5882421400087943 1.0539793076633879
429 3432 22.78707162702563 0 0 0.9649115555718607 4.1474692116214165 0.5483010523787493 0.985374282195927
430 3440 22.64337439601248 0 0 1.030536537709452 4.229527293286805 0.5832422593227506 1.0489995884536332
431 3448 20.632696221153633 0 0 1.0101404882860605 3.849333568443653 0.5710925040007886 1.027446090175791
432 3456 18.54070237723516 0 0 0.9008680591755088 3.624116257710419 0.5133823441355172 0.9191804895216988
433 3464 17.11070434899796 0 0 0.8163195601391456 3.196477049158427 0.4665738542691221 0.8350266631171225
434 3472 13.933668680922526 0 0 0.6462106763355617 2.4784815907916724 0.36873333908050304 0.6602077402040152
435 3480 15.643648320212078 0 0 0.7870706283002952 3.20742793601268 0.44716485376540005 0.8013497185223873
436 3488 14.362275300673149 0 0 0.6711250941387564 2.8853528297891375 0.3812203467391342 0.682239791132055
437 3496 12.047164283207179 0 0 0.5664524131187378 2.3976971379015004 0.32090207881457317 0.5747864600642869
438 3504 13.189634194747384 0 0 0.6793537279094415 2.871972235398406 0.38899677883300715 0.6921099470779424
439 3512 15.526575334070532 0 0 0.967463185841853 4.108485425593692 0.5487255176689655 0.9802456100738248
440 3520 14.7293893555427 0 0 0.9009398900265944 3.849756731403372 0.5100199834582387 0.9121122788450223
441 3528 12.091900716636873 0 0 0.732039717014181 3.0476453137381965 0.4141697401780266 0.7409184397480562
442 3536 10.424310608672437 0 0 0.62170872105738 2.514223976637845 0.3516853449110633 0.6293529724463485
443 3544 10.191531524293433 0 0 0.6200540048668888 2.6010738651693597 0.3506278208408616 0.6269680520873873
444 3552 8.761472231056961 0 0 0.49273008775454263 2.1038663235522845 0.2794852274190635 0.4985222847216562
445 3560 8.904042150622471 0 0 0.5165492853898717 2.247189710244073 0.29236826177632064 0.5221630378752413
446 3568 10.173782924246384 0 0 0.5795878014693767 2.691559430768127 0.3301097914894968 0.5873359157566828
447 3576 11.205516195441135 0 0 0.6272535596342356 2.9801829845854693 0.3581683516865392 0.6365069979992263
448 3584 12.110821986014235 0 0 0.7428012813459265 3.478395838079012 0.4243526666051833 0.7533142563302944
449 3592 9.581503967227562 0 0 0.5742430526703675 2.688334723717575 0.3279395250860054 0.5821486648351308
450 3600 8.575847301780305 0 0 0.45148483482251656 2.0639045476232574 0.2576881209378658 0.4574765593060224
451 3608 7.8325664293525525 0 0 0.4289652994378815 1.929133067333701 0.24494781325007972 0.4349196630485725
452 3616 7.485850648183272 0 0 0.41015586119562053 1.881650211955075 0.23466210804177923 0.4158045932447335
453 3624 7.757393002392448 0 0 0.4398337874349464 2.0550035422785746 0.25289813157518354 0.44676591284118133
454 3632 6.992656729897173 0 0 0.38316352742824394 1.8103771140799607 0.22034289794568673 0.3891940994056146
455 3640 5.841253723020905 0 0 0.307935834372771 1.4247488261453316 0.17662877138899152 0.3124730367454925
456 3648 5.318128366395919 0 0 0.2863973241299483 1.3158432820617043 0.1637550835210031 0.29030889321567654
457 3656 5.814450647495159 0 0 0.3349081614278059 1.5195664346816928 0.19199673984916418 0.34009408750733183
458 3664 7.6251250809881235 0 0 0.4564588975062462 2.0032585097418703 0.26060073710401077 0.46309032755729723
459 3672 11.277879151337176 0 0 0.6877777703061151 3.0372255225412865 0.3928241787627792 0.6977307611076083
460 3680 11.481014032390078 0 0 0.687343716699765 3.0527448296739563 0.39253642474936257 0.6971090244382897
461 3688 12.496938615429503 0 0 0.7021035569692186 3.116072352248239 0.399733620686771 0.7112538252187175
462 3696 12.00601899842413 0 0 0.6236554471060639 2.7918043496412097 0.35449756493773305 0.6315286062332985
463 3704 10.478326163767356 0 0 0.5193105954575292 2.316524858879339 0.29567749649083813 0.5261458175185053
464 3712 10.649367142734675 0 0 0.5384101627154663 2.4194420602657023 0.30608655785563266 0.545089620746821
465 3720 10.061750734244063 0 0 0.4940956190294206 2.2521148506964725 0.2811374329227858 0.5004848810890284
466 3728 10.499100333362476 0 0 0.5153003237760115 2.341659330256648 0.2929307880542044 0.5219411954865286
467 3736 9.887671799563792 0 0 0.44454722824560833 2.0178492653437647 0.252621512937909 0.4504106516053766
468 3744 8.984553560187244 0 0 0.4348957129024352 1.9785486918268338 0.24731458061858158 0.4409516307732101
469 3752 8.906543366580626 0 0 0.42892365218733736 1.9716300411491023 0.24395430021730458 0.43480747976608064
470 3760 9.20031849173712 0 0 0.4517283756082996 2.0703599473788743 0.25684096861300815 0.4578877812140432
471 3768 8.336540361431023 0 0 0.3938811077571525 1.8100738845050284 0.22425562203436952 0.3993599785800361
472 3776 10.755321640515149 0 0 0.5278590164607255 2.439764202395687 0.3004994556555002 0.5350452284518272
473 3784 11.53909373813826 0 0 0.5110923014981424 2.325105083361266 0.291246304030513 0.5184467208132363
474 3792 12.462902589152097 0 0 0.6149548431817883 2.8975401768712787 0.3525380250220286 0.6252371112831603
475 3800 11.761824441533484 0 0 0.5602964442569511 2.6574343283835122 0.3213664208541139 0.5696389524197469
476 3808 12.975448280475462 0 0 0.5775315284035041 2.744567093430573 0.33047225572772637 0.5869851906845075
477 3816 13.432683673051656 0 0 0.6231192515494901 2.94622723728237 0.3577441942603041 0.6343446690883995
478 3824 15.066200436784003 0 0 0.7356069840380496 3.5282015582618063 0.42222748408557587 0.7486252050826604
479 3832 14.718927837534915 0 0 0.744861541275063 3.6167492230246565 0.4277577559706163 0.7580573968520241
480 3840 13.284991421476533 0 0 0.6150365062717963 3.0039340562690326 0.35261213092877314 0.6255017935751007
481 3848 15.072339669776348 0 0 0.867986180115238 4.253423351182357 0.4988069189302171 0.8833910818405853
482 3856 17.470093580492605 0 0 1.0143566290456487 4.929618968730311 0.5828433168497338 1.0326648332273718
483 3864 17.99369115145334 0 0 1.0880971533315902 5.2045896552766395 0.6245467000193522 1.1074453559185637
484 3872 17.19120650226484 0 0 1.0662682379347341 5.100712366836559 0.6115874905232945 1.0849012970203897
485 3880 15.783239512054273 0 0 0.8774873526369478 4.215158464232195 0.502895830756694 0.8923740705106725
486 3888 15.98526569941611 0 0 0.9165451101757778 4.310108346242598 0.5245808591499381 0.9323740386056784
487 3896 16.346937747198957 0 0 0.9181471996680873 4.3643425079047 0.5273529125787494 0.9349392088355408
488 3904 15.874825539320161 0 0 0.8137551417007322 3.8341264671264663 0.46765552159545626 0.8290380847743303
489 3912 13.93037131051445 0 0 0.7065915886813127 3.307892139970614 0.40593591294576775 0.7198334858988347
490 3920 12.845688517440358 0 0 0.5968492586314476 2.799292742991432 0.34290212512869234 0.6079592895578497
491 3928 11.374644782169204 0 0 0.524690092277706 2.4476404117421158 0.3012605178457834 0.5343791837976487
492 3936 11.021018599391542 0 0 0.5023754877071109 2.3434183495794683 0.2881517639583638 0.5113910534715357
493 3944 10.791679134498246 0 0 0.49628618998644647 2.3229861639567804 0.28506700012540315 0.5054401799982285
494 3952 10.43420141977718 0 0 0.462941774346325 2.1618484283095434 0.2656682140682466 0.4713342630875318
495 3960 9.77414331064577 0 0 0.4309319286265431 1.9934432515844556 0.24709884705548407 0.4388008483768908
496 3968 7.821222093834348 0 0 0.3395529054944019 1.5625225685395936 0.19441326081553878 0.34566291487225537
497 3976 7.938787497887357 0 0 0.3604810282941929 1.6345628386761102 0.20593121592111852 0.3668314883578906
498 3984 7.276897779646666 0 0 0.32634227788967596 1.4762142087016399 0.18637858249456646 0.33211568950145176
499 3992 7.0409596312848395 0 0 0.3192211448355829 1.428257520364471 0.18262641601910873 0.3251158176731947
500 4000 7.229439427705863 0 0 0.30556990559130653 1.3702378134264694 0.1751806505021481 0.3114110513847506
501 4008 7.151682667179374 0 0 0.30697130294140956 1.3686343700045913 0.17578319218563518 0.31276267255769835
502 4016 8.424869015016725 0 0 0.3435804032601542 1.5233766895203782 0.1960603374388325 0.34980733918498935
503 4024 9.306500729283158 0 0 0.4136623856625315 1.830968421687225 0.2357779590094586 0.4209454541023768
504 4032 9.018127631131694 0 0 0.3794050529167432 1.6806254052079335 0.21610484010068004 0.3859652536292236
505 4040 7.9942961211001204 0 0 0.3285833079314258 1.4430173367913597 0.18719570021894452 0.334310152601394
506 4048 7.056622825569389 0 0 0.2804368360151995 1.2335765555626064 0.15998752199109234 0.2854541502576584
507 4056 6.048519789601839 0 0 0.23450436524419524 1.0293044917598695 0.13364733875910167 0.23861688459510147
508 4064 5.830388350384968 0 0 0.2161109555289633 0.9436982201754607 0.12337964990357131 0.2200512228505697
509 4072 5.174890807994577 0 0 0.18269340599387493 0.7960784686984999 0.10414431113530813 0.18597003689704927
510 4080 4.951535236759422 0 0 0.17816725829345587 0.7871808941826995 0.10156853284337838 0.18138835735427458
511 4088 4.926218689887488 0 0 0.17456384582271622 0.7753026853304085 0.09951649091904184 0.17766843379286262
512 4096 4.671697571962886 0 0 0.1516883735154194 0.6808496290691809 0.08666664464565113 0.15447160242912075
513 4104 4.102038557306257 0 0 0.13019908194605673 0.5854915639255198 0.07441729133280209 0.13261598434303806
514 4112 4.168746805501655 0 0 0.12401229247285997 0.5489203254031271 0.07069122896526255 0.12623595808158578
515 4120 5.156352740470011 0 0 0.20437709625713094 0.8995667451034088 0.11660709063143228 0.20819768063247945
516 4128 5.997811908896453 0 0 0.28333389439346096 1.2465427751916582 0.1615262911142993 0.28853047342437493
517 4136 5.57120563699109 0 0 0.25416085320595166 1.1168406868589242 0.14486754186355885 0.25877314356834386
518 4144 5.342018225645964 0 0 0.24729098832021737 1.0890365801965545 0.1409892699464188 0.2517917131912587
519 4152 5.77651079242184 0 0 0.27748421362785985 1.2198895242936807 0.1579097300192944 0.28242669616738564
520 4160 5.636293349284395 0 0 0.27692171043933234 1.2197116939657966 0.15744379084714727 0.2817666560849617
521 4168 6.289152803870316 0 0 0.35022064240793227 1.5341382879040066 0.19921192785286382 0.3564750526751749
522 4176 5.846217344269842 0 0 0.31161919435442115 1.3645307788467986 0.1772326408291374 0.317203632397046
523 4184 5.941391890915065 0 0 0.3317302407500668 1.4549440371039521 0.18877133216441996 0.33773685386159163
524 4192 6.9060902030784455 0 0 0.46029957213696016 2.0315505582650575 0.2621006532429383 0.4686299299273731
525 4200 8.376198304951926 0 0 0.5702475105146555 2.5170312414707015 0.3248717719339929 0.5806325192457601
526 4208 8.770440321110444 0 0 0.6331613671997072 2.7891962371887655 0.36055327933676784 0.6446192000305331
527 4216 9.345636305643785 0 0 0.6620949282128288 2.9226332374823323 0.3771965925050119 0.6741424401553492
528 4224 8.394574621950634 0 0 0.6487081794584264 2.8710874523826937 0.3698065655752161 0.660613368528717
529 4232 8.89550615235947 0 0 0.747158969184053 3.3056837143336306 0.425977378372852 0.7608386716740799
530 4240 8.45897717848476 0 0 0.7122858664097421 3.1516393457794694 0.4061256949564444 0.7253309629806927
531 4248 6.917024528034855 0 0 0.5695498635302161 2.519884853760985 0.32475183250093154 0.579974518316672
532 4256 5.8289799544017065 0 0 0.4684636239281584 2.077132726746985 0.267229179394853 0.47707042457698984
533 4264 5.052886594764404 0 0 0.39073517726933765 1.7275280181407788 0.222751069111328 0.3978555927579662
534 4272 5.6743585199682185 0 0 0.4177375167477283 1.8523532990383402 0.2382347219907075 0.4253760832690797
535 4280 5.754786802550553 0 0 0.4725016804028351 2.0977900899193216 0.26946446962865384 0.4811268346294032
536 4288 5.907029106567029 0 0 0.4832748662686661 2.147421421682783 0.2755956667420482 0.4920937795414768
537 4296 6.243278478083239 0 0 0.6003857085222288 2.67177293553599 0.342463843792273 0.6113527647857434
538 4304 6.645638681701441 0 0 0.6639226945557835 2.95155045568527 0.37858037218227863 0.6759787079189473
539 4312 6.1074855527509175 0 0 0.5973551386142884 2.6560271784580696 0.34063056476004394 0.6082198868987244
540 4320 6.959856181411984 0 0 0.7077086065655877 3.1414597288019617 0.4034517924963808 0.720544339617179
541 4328 7.7240117002574395 0 0 0.8902549776004025 3.9519382549553677 0.5075145846698832 0.9064248740895482
542 4336 9.968797608720177 0 0 1.1805546660858572 5.234891938527718 0.6728334661028934 1.201926037003173
543 4344 12.147204653778244 0 0 1.4175418765127954 6.2861957252138305 0.8080494126031327 1.443300558312142
544 4352 11.472017168848222 0 0 1.3837358435392453 6.1372171809987615 0.7887942683968373 1.4088538225759584
545 4360 12.010260810275891 0 0 1.4309590213634096 6.3454166360467505 0.8156771120502552 1.4569185681308277
546 4368 10.526786172729809 0 0 1.1677449946554215 5.173457387772033 0.6654834654329824 1.1888637109506626
547 4376 9.251140498962677 0 0 1.0422503668219893 4.614289890685828 0.5938542368725629 1.0610609997130294
548 4384 7.984040792295648 0 0 0.8774047888267386 3.892588325402652 0.5000978084236367 0.8933064674297303
549 4392 7.125646471985551 0 0 0.799365291623765 3.540458189710011 0.4555412393309831 0.8138386741845969
550 4400 6.06672884309985 0 0 0.6512682456305726 2.886352093964986 0.3711589148871017 0.663064020681418
551 4408 7.93207368856433 0 0 0.9101531383622888 4.031545383589909 0.5185874808045317 0.9265588747439996
552 4416 8.962312932912365 0 0 1.0393695195014663 4.595816266811349 0.5921822124744709 1.0580848422847777
553 4424 8.356892983422544 0 0 0.8907579790188436 3.938726916186345 0.50739121079527 0.9067392836904066
554 4432 7.949517450119226 0 0 0.8462986514673296 3.7330900133255245 0.48192264183756817 0.8614351974070605
555 4440 7.279972712353036 0 0 0.7158369032108794 3.15771605686854 0.40768469149665604 0.7286757271531356
556 4448 6.5035008926044835 0 0 0.6302287270589416 2.779554186778113 0.3589605991726807 0.6415524816615185
557 4456 6.187840567850828 0 0 0.6250679146520447 2.7558018366621266 0.35603395242239516 0.6363074942667865
558 4464 7.351153075119487 0 0 0.7985150180615743 3.5204025165196198 0.45495291664074594 0.8129385687473893
559 4472 9.141575028389042 0 0 1.1503886706374573 5.056237031519952 0.6551388999683034 1.1710300134409541
560 4480 10.586361490047437 0 0 1.2673700334128826 5.57323019351716 0.7218308619359917 1.2901447019369614
561 4488 10.805520487963566 0 0 1.3160745804884308 5.779017693204076 0.7493571329544917 1.3396140183514256
562 4496 10.018613115485872 0 0 1.1803116352215595 5.186883170371869 0.6721463575628617 1.2014623442672154
563 4504 10.07018477761073 0 0 1.1314238576520568 4.968166770408111 0.6442431106820868 1.151662762427684
564 4512 11.363880581594922 0 0 1.4595943259641022 6.410965475829209 0.8310854239887812 1.4856564975072362
565 4520 10.397252061627563 0 0 1.2280853610445117 5.394771766141971 0.6992865916064656 1.250002490779123
566 4528 9.815321986019683 0 0 1.1624584607074082 5.105027485801683 0.6620414546483269 1.18328285576886
567 4536 8.546164513351481 0 0 1.02317956278414 4.493863043139115 0.5827939286808969 1.0415535198893309
568 4544 8.459832556751946 0 0 1.023712176995624 4.498016016142437 0.5831334389692552 1.0421238896897551
569 4552 9.40079159196082 0 0 1.154192281347814 5.068522062423731 0.6576033608902878 1.1750424485847084
570 4560 10.81078387915086 0 0 1.352531139151146 5.936788132217427 0.7705572738467954 1.376911901492342
571 4568 10.36180233051759 0 0 1.2178763943352586 5.348865413117827 0.693887317447921 1.2398591334074867
572 4576 9.433808528046391 0 0 1.1372868118442763 4.991583364828988 0.6478718181687163 1.1577645453897683
573 4584 13.316478114141235 0 0 1.6496590299217895 7.24193367570148 0.9396318708783995 1.6793057883389682
574 4592 13.475456915990502 0 0 1.7510633400232902 7.686028966545256 0.9973339207948431 1.7825126566623375
575 4600 11.544282681090397 0 0 1.4357099712990125 6.303603978011719 0.8176358932192886 1.4614454132070964
576 4608 10.5487360677197 0 0 1.2857248814804447 5.650067219256458 0.7322937011493604 1.3088093769940143
577 4616 10.786540480680946 0 0 1.3572121666727168 5.967308091925646 0.7731526707756423 1.3816507648471341
578 4624 8.791052559109408 0 0 1.035898402153548 4.555427683567685 0.5901711691736423 1.054569385562253
579 4632 9.912088269534072 0 0 1.1473873359293996 5.04425474774817 0.653630556639266 1.1680368097554725
580 4640 11.17261102210729 0 0 1.3076125437748882 5.750089445594733 0.7447781702085348 1.3310833537239586
581 4648 14.081222032652738 0 0 1.6710064789116765 7.352711896482604 0.9517701646160599 1.7009844291350364
582 4656 17.82567674103047 0 0 2.1923236272630153 9.639595421390647 1.2484055192632553 2.231536033917922
583 4664 29.356518857254123 0 0 3.7590580942086844 16.51452198391196 2.1402331196559845 3.826168269467653
584 4672 31.13732808552646 0 0 3.7811281466213713 16.62184876908234 2.1530834024778747 3.8487127683898716
585 4680 40.76455504410995 0 0 4.774867644744159 20.98754205718917 2.7187606673473956 4.860096212524318
586 4688 61.4822188206429 0 0 7.350118036359478 32.302942247538134 4.184974437761322 7.481255092586243
587 4696 111.53593061247888 0 0 13.641970921044065 59.94781651481085 7.767150951694962 13.88526439108392
588 4704 229.6011513377258 0 0 28.77022174893453 126.43222830836288 16.38050629793769 29.28329053248354
589 4712 315.54609122123117 0 0 40.493996713811285 177.94725743774757 23.055508534389354 41.21615213267437
590 4720 419.390469465663 0 0 55.12026522078937 242.21969384862103 31.38299129984957 56.10322571495583
591 4728 463.38521083703665 0 0 60.903007495256894 267.6343199223929 34.6754481348581 61.989090643266806
592 4736 482.58899923826425 0 0 63.42765825639338 278.73285206968376 36.11291590497743 64.55877101159253
593 4744 587.283958595482 0 0 77.18872542532962 339.210624761462 43.94793267777656 78.56529369970589
594 4752 515.7922642355074 0 0 67.79252167346324 297.91905423674154 38.59812484525206 69.00151143931869
595 4760 488.4166150115955 0 0 64.19450988972629 282.1075859817397 36.54957555547618 65.33934112707794
596 4768 381.8388688845957 0 0 50.186591791879685 220.54879029555113 28.57407051648179 51.08160833750489
597 4776 342.15426174286824 0 0 44.970689388665996 197.62712215590318 25.60436140095862 45.77268669628063
598 4784 277.60338104151185 0 0 36.48651200945935 160.3427595105385 20.77383859184765 37.13720448602983
599 4792 249.50275240361097 0 0 32.78291007939115 144.07205424105294 18.66525733568985 33.367592648416284
600 4800 202.00843854707838 0 0 26.54249136240167 116.6470963068682 15.112216466054916 27.015876380742455
601 4808 159.0442536706007 0 0 20.897298963036068 91.83799718414055 11.898073189837842 21.27000200021717
602 4816 146.80383477474524 0 0 19.355886564805516 85.0411851117169 11.019827886109153 19.70090594351258
603 4824 145.60059260531696 0 0 19.21295502684543 84.40840037494873 10.938330379824677 19.55540642789506
604 4832 130.43418156974744 0 0 17.21522796573419 75.63068051210878 9.800956170214468 17.522068754658893
605 4840 113.34815273372723 0 0 14.96356442886509 65.75212122511665 8.519375535058181 15.23037910027383
605 4840 113.34815273372723 0 0 14.96356442886509 65.75212122511665 8.519375535058181 15.23037910027383
