% # columns="iteration, evaluation, void, void, void, xmean", seed=285079, Sat Sep  6 14:53:54 2025, <python>{}</python> # scaling_of_variables: 1, typical_x: 0
1 8 0 0 0 1.2249986908516703 120.9256054861044 39.94529771063074 6.531508775444621
2 16 0 0 0 0.3664469554240921 129.5311547804084 32.743392865499054 4.817163899592884
3 24 0 0 0 2.6940759433220274 130.5735163910012 33.19764322808185 5.262806390831785
4 32 0 0 0 1.325078789481066 137.2954518970132 33.59657156398602 9.680901573578023
5 40 0 0 0 1.8193619990431447 135.46880044235172 20.985478028507806 4.7854707566972525
6 48 0 0 0 -0.311547827674683 137.43132626818016 26.824790255705377 7.750769716663616
7 56 0 0 0 -0.4487989505128277 125.91883083439546 37.32655526161985 12.729982043661298
8 64 0 0 0 -2.0086955268887383 128.1830071696902 38.984093109057966 7.976562346246537
9 72 0 0 0 0.6184186436438331 133.6652193908476 35.30913402410084 12.563396533139024
10 80 0 0 0 2.6720607106667122 135.90420821730567 32.66650346043162 7.308566266474624
11 88 0 0 0 -0.1880568953582401 133.88114571264683 32.532025782387514 8.971998915690856
12 96 0 0 0 0.1880568953582401 135.6633452454744 29.99888412586461 7.696817517131764
13 104 0 0 0 -1.833125573594159 139.25403213886452 26.58131162517067 7.398273054189621
14 112 0 0 0 -2.341185532709323 139.7400582650912 29.989349930651493 5.60142376721165
15 120 0 0 0 1.403781916206934 138.9467844566641 30.107854921471734 5.482632030474637
16 128 0 0 0 2.0257982203200213 139.691434885307 27.791529029713494 3.9212382952404554
17 136 0 0 0 2.0556967494844374 139.12723203985792 26.846545491241912 4.219444111631254
18 144 0 0 0 2.4853600194418126 137.04168138486443 26.11100605452268 4.592884032605126
19 152 0 0 0 1.0627587764646291 139.08612015751893 24.86506043643598 2.919291757610736
20 160 0 0 0 1.090436926316294 138.6498105734287 25.187000885146958 1.1839848695778394
21 168 0 0 0 3.086813309690472 137.44292146012353 23.846871573981918 3.3267001529546096
22 176 0 0 0 0.7783510796596446 138.25795145331165 23.967430590196553 5.2669319749519525
23 184 0 0 0 -1.0585544618578007 138.88984167888196 26.379843415561513 5.863991119987815
24 192 0 0 0 -0.21063290856016417 137.39732900039724 26.97658697843926 6.801820528520488
25 200 0 0 0 -0.45798812158551944 134.88071795175537 27.386098737814336 7.556860478586761
26 208 0 0 0 0.9901883431810414 136.83818448008415 27.027944224185497 7.695825851611327
27 216 0 0 0 1.383540906170235 138.69562991961013 25.410240455554394 8.084603787955617
28 224 0 0 0 1.4530833846488636 138.7055872835643 24.667873757247285 8.510306847806138
29 232 0 0 0 1.7108427222501208 140.00000000000003 22.13922379431018 8.329962867361584
30 240 0 0 0 2.899548821563389 139.69753047753744 21.99300617811188 4.692410554036293
31 248 0 0 0 2.529152741731256 138.92885411236395 21.844639787423386 4.1338262917231425
32 256 0 0 0 -0.18827657669825126 138.27334089923085 20.87604732003303 2.723270800727213
33 264 0 0 0 -1.524126601153905 136.2681920283573 21.319146441857036 2.0119774444749536
34 272 0 0 0 -1.0812468112475275 133.94135042323217 23.295096172172556 1.4391095850259517
35 280 0 0 0 -2.782529063083813 130.4602053213958 25.127088329699898 1.6659258588886028
36 288 0 0 0 -0.48716053953381583 134.90220044996488 25.222514984615337 4.7194958170164005
37 296 0 0 0 -1.3493661741045504 132.3109434353916 25.76355080559175 6.823961396021776
38 304 0 0 0 -0.394496051360238 134.649815971929 24.6821964230235 7.433669360812309
39 312 0 0 0 -0.62390569520303 136.7971408912248 24.77942752460681 8.084260668486904
40 320 0 0 0 -0.14405254451790958 136.1038279479663 24.609548070307916 5.693986972975248
41 328 0 0 0 -0.7867623902942759 137.56967096013972 24.228678876087606 7.383487914313345
42 336 0 0 0 -1.5631628312945347 135.37215991236766 25.86140619826106 8.504555043853001
43 344 0 0 0 -0.4713952455382385 136.99489575003184 25.749797629566526 9.892184709241317
44 352 0 0 0 -2.348149791567957 132.5042193576394 27.39572731335406 9.410009775444387
45 360 0 0 0 -2.409715680039302 130.46941175235804 26.501874890335742 7.013712469607941
46 368 0 0 0 -2.9634760550636954 124.72934181837697 27.278110852334073 5.145584234718662
47 376 0 0 0 -1.9058992841171145 124.02336094322064 26.97214287222542 4.038175799661964
48 384 0 0 0 -0.7940221197774495 129.93543911776018 26.562811933692448 7.009774240108175
49 392 0 0 0 0.9715356898933569 135.89495139159382 24.96395129483143 7.85641166586962
50 400 0 0 0 2.1625321408336995 138.55284168864276 24.240737155244652 10.105065065410908
51 408 0 0 0 1.4143849964239668 136.16440618238195 25.757150901002877 10.6857339399852
52 416 0 0 0 1.465910689823636 135.2532186462514 26.31413801870488 11.849947960894095
53 424 0 0 0 0.9635970423589043 133.80933276142508 26.707131380782293 12.264058812075294
54 432 0 0 0 0.827449344043862 132.3983601593974 26.574263008439864 10.22149891701517
55 440 0 0 0 -1.382786328476444 130.73717038373442 28.776531119337957 12.485185179442281
56 448 0 0 0 -1.1229004172568924 129.26485261843524 27.614703440254697 9.685689363214198
57 456 0 0 0 -1.4864966871022307 127.49792579211254 28.151657416026925 9.241446213571137
58 464 0 0 0 -2.5396844986910807 126.4185220069444 28.661135669298563 8.964241772214347
59 472 0 0 0 -1.9358280485217196 124.9523066436468 28.094901017265745 7.230465938602596
60 480 0 0 0 -0.4897486854512977 127.84460033871184 26.01288052513372 5.546697457429061
61 488 0 0 0 0.46347282630642506 130.48240541035614 25.503303147326033 6.366862811293783
62 496 0 0 0 2.512052567273617 131.95961521335542 23.32741036170917 4.207458676161545
63 504 0 0 0 2.487824468165935 135.0825800464632 23.113223227755505 5.667188549367958
64 512 0 0 0 1.4702220600132754 132.02919172210576 23.847157523027725 5.312925145075214
65 520 0 0 0 0.43212061920548006 128.49969832221777 24.099471175053836 2.822497589806023
66 528 0 0 0 1.1691794413066008 129.6694009674634 22.592492727515697 1.391474735937015
67 536 0 0 0 1.1080247382389454 127.99828001198713 22.215021428584116 0.4494974102375323
68 544 0 0 0 2.1914698975155735 129.83232880049522 21.268734980388228 1.168210172999276
69 552 0 0 0 1.0329418184367622 130.82990334810154 22.311035212125756 3.7117379873246943
70 560 0 0 0 -1.6041636879298995 124.90097718150315 24.3254889699584 3.0513693217701423
71 568 0 0 0 -0.781318859019614 124.45527862808171 22.715768292636223 1.06424368784204
72 576 0 0 0 -2.0913833995215745 121.44511742839731 25.37425701199607 2.9854586374646157
73 584 0 0 0 2.5491161122455814 128.38207712141164 21.029028981971692 1.0143037478708914
74 592 0 0 0 2.320596706228847 128.82462938670994 20.467204239831357 1.4362947710037561
75 600 0 0 0 0.32897592136081083 127.15481227479201 21.961482238151973 3.484683271994189
76 608 0 0 0 1.8233251305650329 126.99978133631454 18.760987651620088 0.14507775122609878
77 616 0 0 0 0.7004871400687256 126.45857336262753 18.06107356731672 0.37668494984094825
78 624 0 0 0 0.48666122392851896 121.96088186588871 16.053991265880015 0.48742544798243836
79 632 0 0 0 1.0017047976966356 130.40739874418378 9.485155068181259 3.4502622436552617
80 640 0 0 0 3.141592653589793 124.10209446563664 0.0 0.0
81 648 0 0 0 0.5614808106510532 125.89790553436337 5.335130663307805 1.0427516385100948
82 656 0 0 0 2.2676710861518803 135.90699930606164 5.729370313152052 1.857784172825658
83 664 0 0 0 3.141592653589793 140.00000000000003 0.0 0.0
84 672 0 0 0 3.141592653589793 140.00000000000003 0.0 0.0
85 680 0 0 0 3.141592653589793 140.00000000000003 0.0 0.6150330349516979
86 688 0 0 0 2.1464094953965427 135.50531165223185 2.972580509864656 1.5544322517024092
87 696 0 0 0 2.097245753303488 133.49063728644754 2.2805423695514877 1.9769970008283708
88 704 0 0 0 2.924193239864438 139.5646078906665 0.4525938171926606 0.9512919547321959
89 712 0 0 0 2.6927189662211486 139.23760725316347 0.9988415375171479 1.4839937541727402
90 720 0 0 0 3.0849633815331736 138.55304997404372 0.1852929238109691 0.32005847906936447
91 728 0 0 0 3.036636623185548 139.80355683470177 0.18034827240698875 0.19945098771994682
92 736 0 0 0 3.141592653589793 136.9626288271158 0.0 0.046195255184738486
93 744 0 0 0 2.874778849359074 136.14420808113468 0.1495261729066568 0.005490337231778129
94 752 0 0 0 3.141592653589793 138.0826082576861 0.0 0.0
95 760 0 0 0 2.9398891892706907 137.44282957375853 0.07802189647009401 0.0
96 768 0 0 0 3.141592653589793 138.29607522572525 0.0 0.20210824143616407
97 776 0 0 0 3.088180143490871 138.42982830556502 0.0 0.0038384659515335994
98 784 0 0 0 3.141592653589793 138.91355028781464 0.0 0.4967939192934459
99 792 0 0 0 3.0855570082271546 139.73244718787234 0.04000297239103193 0.2439913790197688
100 800 0 0 0 3.141592653589793 140.00000000000003 0.0 0.2259768694985818
101 808 0 0 0 2.9124289384213538 138.5751965873969 0.08995412226197061 0.38742157616991285
102 816 0 0 0 3.0884378015228435 138.1299353493719 0.05183730253324247 0.2845098612832674
103 824 0 0 0 3.138669231141231 139.429868296856 0.00039267122611398207 0.0
104 832 0 0 0 3.141592653589793 139.13405232719015 0.0 0.09384942776679414
105 840 0 0 0 3.0730101519505393 138.83753310594128 0.012624515093296838 0.0
106 848 0 0 0 3.012612681760008 139.24420837017587 0.07124469092602087 0.0
107 856 0 0 0 3.141592653589793 139.15027645740687 0.0 0.0
108 864 0 0 0 2.9938110960470685 139.5363185700511 0.11683826173285211 0.18704432360161138
109 872 0 0 0 3.002832244564275 138.55004102040226 0.07221140555249969 0.04253346446841067
110 880 0 0 0 2.8101802420946425 138.55801156811123 0.2649797781586573 0.049069513659344
111 888 0 0 0 3.1312673064258805 139.25952265854875 0.008255599687897274 0.021394236206272697
112 896 0 0 0 3.141592653589793 139.84686675745974 0.0 0.10800672781966653
113 904 0 0 0 3.131379457442363 139.79684468956455 0.0 0.01333107006949704
114 912 0 0 0 3.013898106623345 139.0296519384231 0.07304446967507588 0.013663158603272139
115 920 0 0 0 3.0782866804547755 138.80318139510248 0.004951235028549045 0.0035887218777842906
116 928 0 0 0 3.0729013198301347 138.339404522646 0.01010183206954332 0.0
117 936 0 0 0 2.976681068894398 138.2432230672299 0.11216046283901158 0.0140731482860177
118 944 0 0 0 2.9796160590032823 137.5855462269556 0.10263057233328225 0.008869111656429141
119 952 0 0 0 3.126839532452429 137.8243024374528 0.009851567434558553 0.0025905180891073417
120 960 0 0 0 3.0873416377335374 138.19150404365058 0.017858015435988594 0.0
121 968 0 0 0 2.984128381249567 138.03793450289754 0.09052246034628639 0.04623989318492827
122 976 0 0 0 2.987146636150525 137.6154651975287 0.09248805152965607 0.031202352722131215
123 984 0 0 0 3.1169334005054754 137.46733554277571 0.01794610131195828 0.030046644995566113
124 992 0 0 0 2.9724068017650818 136.67053431185238 0.09928769572465042 0.0048480883985564565
125 1000 0 0 0 2.8831464336851895 135.62609994194966 0.15218379913610763 0.03964761308408162
126 1008 0 0 0 2.902975132143939 135.65207107882216 0.10591638849347995 0.03303766012710173
127 1016 0 0 0 3.141592653589793 136.8962201019604 0.0 0.1587956126501215
128 1024 0 0 0 3.009501717355783 137.42079463993295 0.046933723751588614 0.1217071029404805
129 1032 0 0 0 2.763337350926171 136.65766256158778 0.2963623786708089 0.27757351598525315
130 1040 0 0 0 3.139536398223444 137.68247768470277 0.006043372314627049 0.3469649966998467
131 1048 0 0 0 3.0368777666649667 137.55094595806204 0.063199416765081 0.34521547839781297
132 1056 0 0 0 2.9419826236261564 137.62941261403535 0.10386999748989428 0.06835969193364673
133 1064 0 0 0 3.0211590781785773 137.07485096489685 0.04962651231965529 0.09816310214864964
134 1072 0 0 0 3.125772891704247 137.46241171850363 0.02244399564233818 0.14636929437201485
135 1080 0 0 0 3.0084376268288198 136.77270961869235 0.11180302308379914 0.09634393481076849
136 1088 0 0 0 2.9876448218659073 136.33879024649445 0.11040876596773874 0.048577155265277464
137 1096 0 0 0 2.9938226261155174 136.09499600918443 0.11748962047493997 0.08932809240886856
138 1104 0 0 0 2.897066591661506 135.81780101047008 0.19996582513269023 0.006542110895648934
139 1112 0 0 0 2.948169081069564 135.72098820985644 0.15876073856102324 0.07608586565108003
140 1120 0 0 0 2.9645949764948365 135.5059910888232 0.13551267243454312 0.06842532896500383
141 1128 0 0 0 2.9415635251031333 135.4123692214945 0.16327425819597433 0.018210137106448223
142 1136 0 0 0 2.9553651206402685 135.53686245621395 0.1469079868713709 0.03655928276862652
143 1144 0 0 0 2.9577727825208693 135.19927802892292 0.1432649174613213 0.06297415782644235
144 1152 0 0 0 2.9048337424729547 135.12749103942147 0.1687099084530626 0.008288587161591851
145 1160 0 0 0 2.849473156969395 135.09184682441116 0.2017600151746451 0.0007000854500936661
146 1168 0 0 0 2.902048891179297 135.49019254517023 0.16217726224621817 0.03116042199201671
147 1176 0 0 0 2.887902475560512 135.4669887508786 0.15445742863410264 0.015405478071931902
148 1184 0 0 0 2.840321704291629 135.18468828334636 0.1527815704016324 0.0006747919635680009
149 1192 0 0 0 2.80996111362695 135.2758775326161 0.15794835097473853 0.003035672085249663
150 1200 0 0 0 2.8635393873827817 135.48164795177584 0.1303234879910388 0.0634039570471714
151 1208 0 0 0 2.9132172450107015 136.44421621239312 0.06263860309755698 0.09356524641866909
152 1216 0 0 0 2.827078467172027 136.0841808306635 0.10410516788943708 0.021430067849699582
153 1224 0 0 0 2.755745388193006 135.64078022075842 0.13525023368325867 0.007213972533473988
154 1232 0 0 0 2.7930442280629983 135.6434339155134 0.08770959942335936 0.06849763332649557
155 1240 0 0 0 2.7235895134963486 135.82478147827857 0.11387250844072565 0.0216454873753528
156 1248 0 0 0 2.6828749005852495 135.03732610255753 0.10183267732496608 0.0264837424442781
157 1256 0 0 0 2.680024405473869 134.95360714628876 0.09905691136894337 0.04717612059761154
158 1264 0 0 0 2.772191834890177 135.1666179394658 0.05815286213056575 0.13426558739404362
159 1272 0 0 0 2.8463669919601986 136.48414666510058 0.023248426505911825 0.20789057823709428
160 1280 0 0 0 2.743145853133378 136.57863939774757 0.04426216446350732 0.13089340945813208
161 1288 0 0 0 2.7015076485694207 135.88106930693542 0.08197199825697614 0.0749515518391031
162 1296 0 0 0 2.688639991616542 136.19392881566296 0.040780030536085275 0.09644318570115806
163 1304 0 0 0 2.6016400352885896 136.4815831833122 0.07773354843880281 0.03873956023433542
164 1312 0 0 0 2.5642907121204557 137.22465506655902 0.06712211668785491 0.044649835974711394
165 1320 0 0 0 2.5630499790210544 136.76633748331605 0.04688432979343461 0.09118274987400106
166 1328 0 0 0 2.5588031741166106 135.22873343238365 0.028750185252016187 0.11157799929531835
167 1336 0 0 0 2.5505780707468526 134.71537383597635 0.06486289892604248 0.1021222885069232
168 1344 0 0 0 2.658851640434973 136.38269163344793 0.0652330540574517 0.17244978716862647
169 1352 0 0 0 2.835832493497212 136.0579873702671 0.044898415158592254 0.3824712275190928
170 1360 0 0 0 2.957923607245148 131.33652496249235 0.16085894809824688 0.5772627627288275
171 1368 0 0 0 2.4154240795887807 128.03382431258805 0.5023518827005774 0.6347750403579294
172 1376 0 0 0 2.9558848369175146 114.74485587961405 0.9846986110326003 2.012192430003122
173 1384 0 0 0 1.0763886052002143 112.90002929246856 4.55129940423952 2.863017213354657
174 1392 0 0 0 -1.6628365832345462 119.58813197937025 18.70878734824325 1.003727571087944
175 1400 0 0 0 -1.9854895824687124 118.64883105954887 59.70897128667545 6.814828018503736
176 1408 0 0 0 -1.9832526974095506 115.53066589420806 57.095112913514555 7.374221192277402
177 1416 0 0 0 -1.346396851538483 127.14285714285714 70.00000000000001 0.0
178 1424 0 0 0 -3.141592653589793 125.89790553436337 70.00000000000001 0.0
179 1432 0 0 0 -3.141592653589793 122.85714285714286 68.335070672101 0.0
180 1440 0 0 0 -0.1880568953582401 114.28571428571429 38.0727558017584 18.802792620848834
181 1448 0 0 0 -2.642577421192601 119.29552229682643 42.123604078220126 3.1768296365665623
182 1456 0 0 0 -1.9832526974095506 122.85714285714286 57.095112913514555 7.374221192277402
183 1464 0 0 0 -3.141592653589793 118.57142857142857 70.00000000000001 0.0
184 1472 0 0 0 -3.141592653589793 127.14285714285714 70.00000000000001 0.0
185 1480 0 0 0 0.3325839763324923 119.57857205360966 68.38984604566137 4.3904549400274355
186 1488 0 0 0 -2.880850598435206 110.0 70.00000000000001 0.0
187 1496 0 0 0 -2.880850598435206 111.24495160849378 67.4138169308056 3.370253742212858
188 1504 0 0 0 -1.8474821409103144 132.07682808436718 68.05544382436626 3.6083992534392513
189 1512 0 0 0 -3.141592653589793 134.46933410579197 70.00000000000001 0.0
190 1520 0 0 0 -3.141592653589793 119.97048656598656 69.34850278860263 0.0
191 1528 0 0 0 -1.2121839107532715 120.99734217230578 69.00168466047901 1.516900191980763
192 1536 0 0 0 -1.8982928228703093 111.8999573329864 69.87345096702649 0.19228618935638392
193 1544 0 0 0 -2.9788006698076694 110.60642343639577 69.77779555207853 0.025177072694618052
194 1552 0 0 0 -2.9515825597119374 126.84310776996323 69.94172279700841 0.31171077049003515
195 1560 0 0 0 -2.98567894792539 112.05020640248073 69.99290627974815 0.3016515042616935
196 1568 0 0 0 -3.084786935445503 110.65534276178225 69.52104571335565 0.14465579629553965
197 1576 0 0 0 -3.141592653589793 118.57142857142857 70.00000000000001 0.0
198 1584 0 0 0 -3.141592653589793 130.18361982007767 70.00000000000001 0.0
199 1592 0 0 0 -3.141592653589793 119.81638017992233 70.00000000000001 0.0
200 1600 0 0 0 -3.1336885947197053 121.8769365401677 69.93377549256724 0.025266520048650598
201 1608 0 0 0 -3.1391409517795528 114.19492059543857 69.91035075999172 0.00853415627403683
202 1616 0 0 0 -2.741576335762106 119.74637698392154 69.77767986564396 0.399744990929185
203 1624 0 0 0 -3.093659810377611 112.41283286492384 69.97335999640998 0.07583498590302222
204 1632 0 0 0 -2.8121383122040653 115.28250117708521 69.96597691965029 0.31781206468782747
205 1640 0 0 0 -2.8419258608526485 122.50475954543131 69.81015098908169 0.49672963838431844
206 1648 0 0 0 -3.0096267049941803 112.0470790955443 69.97570752584029 0.06355994085220827
207 1656 0 0 0 -3.141592653589793 110.0 70.00000000000001 0.0
208 1664 0 0 0 -3.141592653589793 118.57142857142857 69.97459407951622 0.0122666182404067
209 1672 0 0 0 -2.288012790319141 123.8978237594794 67.87788030241171 2.288522788728994
210 1680 0 0 0 -3.067407479362851 118.41692969937932 69.80494219717356 0.19889698563607822
211 1688 0 0 0 -3.0771944480655256 123.3670682750955 69.88895003311657 0.14867343277625242
212 1696 0 0 0 -3.139016705709601 110.57962926186397 69.9887711455336 0.005946982697469772
213 1704 0 0 0 -3.1415776189841798 119.63621580548543 69.99993446241686 3.47097626214232e-05
214 1712 0 0 0 -3.0736031324666646 124.95964868895089 69.94078563017459 0.19632121612424838
215 1720 0 0 0 -3.141592653589793 125.89790553436337 70.00000000000001 0.0
216 1728 0 0 0 -3.141592653589793 126.10687193492724 70.00000000000001 0.0
217 1736 0 0 0 -3.141592653589793 115.70673026727292 70.00000000000001 0.0
218 1744 0 0 0 -3.013086891849575 116.64675942034452 69.37522663455526 0.5470402440114482
219 1752 0 0 0 -3.0215861989134494 111.33523083889798 69.86508934815234 0.21685103161500524
220 1760 0 0 0 -2.767880437147473 110.6942292568229 69.56298212736722 0.727537122984433
221 1768 0 0 0 -3.0652387685301496 134.565811679024 69.93926729045737 0.1470610705459494
222 1776 0 0 0 -3.008751279641656 114.58514509561161 69.74089130999786 0.2803998260782059
223 1784 0 0 0 -3.132788755930546 118.7753047885078 69.95192740217877 0.032891040655364516
224 1792 0 0 0 -3.0513983085085075 115.77563039692618 69.88757087886147 0.25205856399644727
225 1800 0 0 0 -2.8242528676666314 121.39094402100778 69.57432378020253 0.6984130329510545
226 1808 0 0 0 -2.5062549952848587 117.92525938536278 69.43522667548247 0.7183903571661183
227 1816 0 0 0 -1.5152915340083875 116.0658333728084 61.835823765711226 7.839549079574091
228 1824 0 0 0 -2.947607540432803 128.86913288884477 68.7955541665262 1.0017007618807048
229 1832 0 0 0 -2.0241632620168213 124.49896987509662 68.96647784852037 1.0919970922074946
230 1840 0 0 0 -2.177137369106701 129.17190687159348 69.21732644974009 1.4173444000093673
231 1848 0 0 0 -2.6349348129550902 132.63233847884945 67.08785652583788 2.1772893938110798
232 1856 0 0 0 -2.9743243635503362 122.52270643567417 68.68563504019161 0.8850255577836315
233 1864 0 0 0 0.1880568953582401 118.78762577352855 69.84807373348528 1.944998767550403
234 1872 0 0 0 -1.5641371164536229 120.13404052128216 69.12417792876163 0.9214630640527196
235 1880 0 0 0 0.2884156436867091 123.91122927215142 69.63603108777926 1.0868694928335292
236 1888 0 0 0 -3.141592653589793 118.57142857142857 70.00000000000001 0.0
237 1896 0 0 0 -2.724904217828364 114.07234792205017 69.14098563563958 0.2315077833247387
238 1904 0 0 0 -0.21058126833619895 115.18552287001057 67.16440816487291 2.420842910493983
239 1912 0 0 0 -2.6465774052845967 127.36546632669469 69.13068684738185 0.5389731508135404
240 1920 0 0 0 -0.33911126177901996 128.82337817640385 69.51640066419242 3.39681416913933
241 1928 0 0 0 -3.141592653589793 111.24495160849378 70.00000000000001 0.0
242 1936 0 0 0 -3.071184949174556 139.12893330396895 69.94256551057784 0.20584128657296655
243 1944 0 0 0 -3.0629342688540597 126.75161436324737 69.99831671382573 0.1233283255892579
244 1952 0 0 0 -2.8366332736036366 138.1777958078583 68.83067698569647 1.4055606068665654
245 1960 0 0 0 -3.130649219611212 123.86829997616391 69.95803897159273 0.08058821104368057
246 1968 0 0 0 -3.112368999214855 133.72901020171113 69.90518560480827 0.2604473162417654
247 1976 0 0 0 -3.141592653589793 122.85714285714286 70.00000000000001 0.0
248 1984 0 0 0 -3.141592653589793 122.85714285714286 70.00000000000001 0.0
249 1992 0 0 0 -3.141592653589793 111.24495160849378 70.00000000000001 0.0
250 2000 0 0 0 -3.141592653589793 110.46506133055162 69.4997909367355 0.29391713697954747
251 2008 0 0 0 -2.7128426470231064 112.31594430934094 69.41565445127128 0.8349906809710377
252 2016 0 0 0 -2.6717554922494697 112.66042276660406 69.35045047044585 1.0630579022205466
253 2024 0 0 0 -3.141592653589793 122.85714285714286 70.00000000000001 0.0
254 2032 0 0 0 -2.9069094387099073 133.72438503865482 69.49664823635165 0.44147662492658346
255 2040 0 0 0 -3.141592653589793 125.89790553436337 70.00000000000001 0.0
256 2048 0 0 0 -3.141592653589793 119.81638017992233 70.00000000000001 0.0
257 2056 0 0 0 -2.98370927301513 120.2822888960376 69.89031853377415 0.09144233733916006
258 2064 0 0 0 -1.0550912309098464 126.42397693839544 69.0271051291819 1.7458814524826893
259 2072 0 0 0 -2.204216112686428 117.38955262545042 69.304355002289 1.1245783280904758
260 2080 0 0 0 -2.3740965873033772 127.91636792945536 69.1196182621123 1.126449114863715
261 2088 0 0 0 -2.5872669807553415 122.4230697993784 69.57591511273364 0.5426169414127757
262 2096 0 0 0 -2.5131877453186986 119.66089112533285 69.55984731163849 0.5402813560780919
263 2104 0 0 0 -2.8274585894309965 113.74261264360982 69.82261046408513 0.365216933495288
264 2112 0 0 0 -3.141592653589793 135.71428571428575 70.00000000000001 0.0
265 2120 0 0 0 -3.141592653589793 125.89790553436337 70.00000000000001 0.0
266 2128 0 0 0 -3.084971927338266 130.69101384527147 69.66437026806166 0.29791206610924265
267 2136 0 0 0 -3.0818305236140695 121.3555756421836 69.9178740482492 0.16468040771688966
268 2144 0 0 0 -2.9568817695202028 126.6819011764366 69.84819534048326 0.20747503668027856
269 2152 0 0 0 -2.651006298978327 127.34988458699968 69.51318813009776 0.7719460687950924
270 2160 0 0 0 -2.9188852383404167 123.54910149424008 69.7937965947906 0.3417557231808234
271 2168 0 0 0 -2.9433181554850973 130.482416287744 69.80545753911068 0.3863916390327012
272 2176 0 0 0 -2.943521826274055 121.82774977817482 69.98089596530484 0.1835704952073557
273 2184 0 0 0 -2.7596018588393316 118.98634372014966 69.72988284066854 0.6081561956913085
274 2192 0 0 0 -2.575803395987554 115.14792272283255 69.7628990505051 0.6139638445471725
275 2200 0 0 0 -2.65137257795942 112.55661202736742 69.64093992683678 0.7478398747387859
276 2208 0 0 0 -1.0139545761940363 113.5618848916031 69.22239663287108 2.0140712830242364
277 2216 0 0 0 -1.5003927207396284 115.42815478152747 69.09052984574399 1.8044900420711514
278 2224 0 0 0 -1.8981723875634375 114.40769539563948 69.35597838979056 1.355709131629268
279 2232 0 0 0 -2.0735811659010057 120.93200662087234 69.2759970624739 1.2651707584811294
280 2240 0 0 0 -2.816623270379257 129.01220034365014 69.78201154348065 0.36381629045770003
281 2248 0 0 0 -1.3468382119189923 126.14875711301394 69.3805271163562 1.5976973251322397
282 2256 0 0 0 -1.3879225695877886 129.62847746017692 69.21191536409184 1.8197483522501927
283 2264 0 0 0 -1.7436543515393255 122.87157303752777 68.92621868239331 1.9621777820451163
284 2272 0 0 0 -3.1025747661924123 110.76687969821295 69.9393357137304 0.06819569045382114
285 2280 0 0 0 -2.9655072567039746 118.57142857142857 70.00000000000001 0.07916118424138675
286 2288 0 0 0 -3.141592653589793 127.14285714285714 70.00000000000001 0.0
287 2296 0 0 0 -2.44222760774712 122.28575574593918 69.64605066843414 0.7888101655374635
288 2304 0 0 0 -2.222564975525051 110.64025775993994 69.45872414045117 1.0161734780724814
289 2312 0 0 0 -2.702475936737557 120.54424825401875 69.5023591105063 0.49511974783682644
290 2320 0 0 0 -2.057014797427362 115.5992582808425 69.27196169800814 1.3402114061057988
291 2328 0 0 0 -1.2933230604869945 115.70207010169662 68.57509149373908 2.4391175833162047
292 2336 0 0 0 -2.2961573562559026 111.55637015440108 69.26145827308042 1.318169194373616
293 2344 0 0 0 -3.0828811111969165 110.0 70.00000000000001 0.0333568759684545
294 2352 0 0 0 -2.33973534710619 131.0344882301987 69.4856995151465 0.9854630610296969
295 2360 0 0 0 -0.8830933003219142 127.8079454990959 68.58919379694619 2.7853486106359995
296 2368 0 0 0 -0.660118498504652 125.36164271336006 67.95044585562134 3.592327856756369
297 2376 0 0 0 -2.6284874158772835 115.1337793470664 69.52374565456599 0.8827001033038439
298 2384 0 0 0 -1.9023376615977987 124.27087003355396 69.57545985519371 0.6995257318679009
299 2392 0 0 0 -1.3131221770301102 120.44310400294722 68.50970549256532 2.6442332058270597
300 2400 0 0 0 -0.822232883844909 114.67950588788192 68.91289513078691 2.8043332047386027
301 2408 0 0 0 -2.469443573917311 135.27465205974696 68.90207018832074 1.3961630597954957
302 2416 0 0 0 -1.98116959646948 137.46845230045204 68.03718410065251 2.4334119292966845
303 2424 0 0 0 -0.88208634290704 136.74529188524974 66.82742332732309 4.245183690787998
304 2432 0 0 0 -2.162288177657924 113.27646572738334 69.27875132300103 1.227801995723194
305 2440 0 0 0 0.8771733164034188 122.67952679407472 66.82128852687246 5.347781438667759
306 2448 0 0 0 -3.122950913342911 127.33354338018832 70.00000000000001 0.0
307 2456 0 0 0 -2.3660337325713954 125.7904780534921 69.8049396051119 0.5204658188923182
308 2464 0 0 0 -1.7747298306958648 132.44703630282433 69.14420824256267 1.6368537523635096
309 2472 0 0 0 -0.7350540374274862 112.22617145105973 69.15997067402438 2.2633022517945065
310 2480 0 0 0 0.8680636565611036 120.009389530056 67.8804207800981 4.573477437349663
311 2488 0 0 0 -1.2258398207380463 116.02480362760161 68.51253430127373 2.90651136435334
312 2496 0 0 0 -1.8509794096416359 123.48172082444756 68.97698575613089 1.5351565790918316
313 2504 0 0 0 -2.159989358025994 113.8683273742081 69.06803607077656 1.6845442159840538
314 2512 0 0 0 -2.203561270452377 113.87111929661364 68.70546888699431 1.939394954212665
315 2520 0 0 0 1.465118656985949 127.04698095983764 66.23383680983211 6.241133016230824
316 2528 0 0 0 2.229663244804774 128.03832462141068 65.09043926945033 8.37676846962253
317 2536 0 0 0 -2.682588903309614 126.92816044597441 68.74668086096344 1.9112929645387196
318 2544 0 0 0 -2.880850598435206 111.54233877001116 69.53154192896616 0.6558772202519161
319 2552 0 0 0 -0.7238100248476385 118.63523340297408 69.35766462040611 2.1124156493642854
320 2560 0 0 0 -2.880850598435206 111.81390112929256 69.82655810315546 0.32393309990670516
321 2568 0 0 0 -0.6354891178161098 113.54215573030812 68.08854592717798 3.6983492194233007
322 2576 0 0 0 -2.2664048416848948 126.41751462271489 69.32212736905134 1.436406087816101
323 2584 0 0 0 -2.5483397842371303 113.56300148638255 69.44964620930543 1.069340144279965
324 2592 0 0 0 -3.0971479386910254 126.8235070854976 69.92212307337184 0.07636285426064245
325 2600 0 0 0 -3.140721775511488 121.38809752333275 69.73213185989549 0.07954712091842642
326 2608 0 0 0 -1.104980070922887 130.08724497970897 68.284993250113 2.2490562783720103
327 2616 0 0 0 -3.141592653589793 118.57142857142857 70.00000000000001 0.0
328 2624 0 0 0 -1.5273584800223619 111.78978732598851 68.95088906471067 1.975260142482165
329 2632 0 0 0 -2.350523960022656 111.8785796029817 69.34941374107352 1.210206592066227
330 2640 0 0 0 -2.5047141987289234 116.431512400532 69.62617132614518 0.750985212271012
331 2648 0 0 0 1.7104506623508617 119.58222714644376 67.22594534432454 5.134742716519409
332 2656 0 0 0 1.2610010092766355 113.98070860523885 67.36647523463104 4.985319189037813
333 2664 0 0 0 -0.4420098612475151 111.93252571859908 67.94580547607937 3.757805861777249
334 2672 0 0 0 0.12856909354434978 128.6766018636442 67.27081416232448 4.262534735268702
335 2680 0 0 0 0.3710132643554147 134.32293432356448 66.75150751019378 4.557786325903836
336 2688 0 0 0 -1.2975166894194918 129.72260606498614 68.29921934343388 2.689795705679883
337 2696 0 0 0 -2.880850598435206 111.24495160849378 69.77082485528815 0.3459395509166664
338 2704 0 0 0 -3.001586052612611 137.42766995683994 69.50002354383803 0.10713876206382944
339 2712 0 0 0 -3.141592653589793 111.24495160849378 69.97080768950681 0.192222438681985
340 2720 0 0 0 -0.6966688009266961 115.80459527858692 69.22718510024681 2.4033979021653735
341 2728 0 0 0 -1.383997215937309 115.98808414322298 68.8664959960705 2.553149408414861
342 2736 0 0 0 -1.1134068430585495 123.98256022657903 67.99607861459783 3.9163276965516474
343 2744 0 0 0 -1.9178144248494053 112.51652971712457 68.65612752919682 2.55013969648411
344 2752 0 0 0 -0.6645906573577943 119.98114297176396 67.60780889240787 4.639085880159426
345 2760 0 0 0 -2.3270154030515107 111.24495160849378 69.7075041309324 1.1250003149897378
346 2768 0 0 0 -0.7598417608893906 116.75184412995247 68.6703869532946 3.9878415073058724
347 2776 0 0 0 -2.972424058084618 135.16861101177426 69.65824474610956 0.4180279828502997
348 2784 0 0 0 -2.033239623924052 131.35474667809024 67.9406827098645 3.2302769540773904
349 2792 0 0 0 -2.8488385606130597 119.05003594238805 69.06953925094055 0.9626268887508278
350 2800 0 0 0 -2.9226314458683147 127.16690295296651 69.75871251467133 0.23722369767062232
351 2808 0 0 0 -2.701586747035863 114.1885454424272 69.19127826741725 0.8678454410418839
352 2816 0 0 0 -1.905284837367348 118.15525698132356 68.35410824594129 2.345984868417102
353 2824 0 0 0 0.7102668288506064 136.66313431710057 65.9537205586807 6.04326346589666
354 2832 0 0 0 -0.5534623409316844 128.92834501680665 66.63259623649842 4.432724653979159
355 2840 0 0 0 -2.0410549052866997 121.03295820016547 68.24139939719495 2.0694960326255405
356 2848 0 0 0 -2.5175314526908936 118.57111748479328 68.96268998422825 1.4819285168874583
357 2856 0 0 0 -1.9844070240342666 116.15553438477424 68.77720022159117 1.905041138216703
358 2864 0 0 0 -1.0603420809062585 126.48410233080494 68.39686423353808 2.632021950482993
359 2872 0 0 0 -3.141592653589793 132.14986616033565 69.69688842125383 0.0306952320614128
360 2880 0 0 0 1.492750513532238 139.15891039948292 65.90659638509382 5.905558911776353
361 2888 0 0 0 -2.3509668305740252 135.2146032024774 68.05923989161755 1.6822685960597354
362 2896 0 0 0 -2.4775717756833897 113.99718176135168 69.42285063046239 0.9408082908335742
363 2904 0 0 0 -0.23499641385323822 135.89099392325227 67.18840026931777 3.690255466218232
364 2912 0 0 0 -2.48841402751793 115.53066589420806 69.30695299029176 0.8186964666534081
365 2920 0 0 0 -2.794350809394621 110.70136348504126 69.75209401014344 0.4130589002548572
366 2928 0 0 0 -2.6908540468134534 127.91629168767507 69.66995417107125 0.5578130730337154
367 2936 0 0 0 -2.767139823461353 116.3741522246376 69.65356163670546 0.597267842201414
368 2944 0 0 0 -3.118352761394771 116.06026795670824 69.99789007521153 0.026662394932470867
369 2952 0 0 0 -1.3186875853265 129.27284001064314 69.09028873489565 1.7228174757979546
370 2960 0 0 0 -2.423256064164922 137.5188669745447 69.40511946137951 0.7402925426059042
371 2968 0 0 0 -2.30424032647221 132.2727100351951 69.41229538553962 0.8460198061327366
372 2976 0 0 0 -1.6023904682044376 130.641594501919 68.96812567162661 1.5708684079713038
373 2984 0 0 0 -2.511705740533177 118.4586648531405 69.37860341511096 0.734557639212553
374 2992 0 0 0 -0.8807745182379613 115.53066589420806 68.65035142356365 2.382773055397961
375 3000 0 0 0 -1.6226374003334825 122.86315858965094 68.8238703657693 1.7431251825246905
376 3008 0 0 0 1.2308933495246288 112.96641767846731 67.22344862144566 4.76590462488834
377 3016 0 0 0 1.3306721468888507 114.52456486966108 67.25753600285545 4.867861038673782
378 3024 0 0 0 1.9216815422754694 126.96053313754854 66.76927896756607 5.5830627016086
379 3032 0 0 0 -1.2452567540432302 125.70406372229114 68.52073414474181 2.1155248649278366
380 3040 0 0 0 -2.803634338264371 124.06976000209936 69.54561147114408 0.3498765550437776
381 3048 0 0 0 -2.318567000392868 116.4560665441098 69.48851364145524 0.6953724959486615
382 3056 0 0 0 -2.1177833901829426 117.78512885485534 69.4626912439164 0.9901050394874958
383 3064 0 0 0 -2.4983575612006823 118.61418769725326 69.74713427931603 0.49254154647438314
384 3072 0 0 0 -1.4698400700343262 117.83890937750049 68.96554436323864 1.873992593471239
385 3080 0 0 0 -2.3864233745452266 127.28622826308717 69.23349218853465 1.09774607234881
386 3088 0 0 0 -1.8638062412017398 122.3373017242134 69.09271568151985 1.5047044113085501
387 3096 0 0 0 -1.9904852299323084 125.2901302452534 69.07371357722486 1.6144776269775336
388 3104 0 0 0 -2.13490513957548 134.3412243835037 68.72485729590728 1.9286487122550071
389 3112 0 0 0 -2.702961127931582 130.67326853755029 69.58808415564438 0.7354570982017361
390 3120 0 0 0 -1.346396851538483 118.62892683572855 68.74876433536203 2.106533587308761
391 3128 0 0 0 -1.4749817356101471 119.46368847537782 68.70404862208451 2.1641981337112424
392 3136 0 0 0 -2.2918626761190173 118.01790066114482 69.41144647772369 1.258179897356535
393 3144 0 0 0 -1.5404123594763226 130.18361982007767 68.92265681960401 1.8737060808296997
394 3152 0 0 0 -2.2019436137246835 125.60555109652651 69.42127518159778 0.9821137683479697
395 3160 0 0 0 -1.9889613412131923 136.73451340895852 69.25718015874091 1.1388930204611076
396 3168 0 0 0 -2.7761380230038974 138.22543545464416 69.71307088374991 0.46118385921687777
397 3176 0 0 0 -2.9499767901089147 131.05329154313932 69.83498340551127 0.2996861459884382
398 3184 0 0 0 -2.047830631346197 121.34624246141811 69.42079886048094 1.1582291441847548
399 3192 0 0 0 -1.665885040186684 124.26904693650236 69.14154047808454 1.525616990862888
400 3200 0 0 0 -2.2376060209337068 115.64857982437678 69.45160363464528 1.0659107654862974
401 3208 0 0 0 -1.946771262685505 125.89790553436337 69.22513814511343 1.2436433684750148
402 3216 0 0 0 0.08455927334134272 125.63771765761695 68.18374050241289 3.347428190427191
403 3224 0 0 0 1.019803463180919 130.5031641157891 67.5940699356162 4.337327742052573
404 3232 0 0 0 0.6643446881685092 126.27543793082964 67.76607351617456 4.06386363068379
405 3240 0 0 0 -1.1685645380138587 124.35683150160651 68.83456052905846 2.130495807447829
406 3248 0 0 0 -0.1054407547650038 128.7334099475754 68.2795972832467 3.1535709961856844
407 3256 0 0 0 -0.44096838206057154 120.98244588791087 68.55533813399418 2.7706465902558155
408 3264 0 0 0 -0.7304150255753388 120.95078886006495 68.68811702671722 2.4845924960001384
409 3272 0 0 0 0.24501041231720755 130.0167540916506 68.0512420918077 3.5147297658688665
410 3280 0 0 0 1.747045866199913 132.2658217651503 67.22544097422394 5.032195234361152
411 3288 0 0 0 0.9297700188666684 131.64678549422027 67.67427408250357 4.215498565302735
412 3296 0 0 0 1.4360421633905118 136.36134377510677 67.33464057269342 4.726130934434657
413 3304 0 0 0 1.3513826281010204 136.78936428581196 67.3253197971123 4.6800747527376485
414 3312 0 0 0 0.061371931889372115 132.46764280997206 68.10941284340338 3.3099245123420045
415 3320 0 0 0 -2.183886298535774 123.15063783552391 69.3933903298267 1.0237255388459914
416 3328 0 0 0 -0.4725638477472554 134.75032293998427 68.44560645324913 2.715934351825732
417 3336 0 0 0 -1.2705800294497702 132.62118310755415 68.9155317207459 1.889049530464429
418 3344 0 0 0 -2.309083023346309 129.24474749427512 69.56415191206366 0.8055437038229776
419 3352 0 0 0 -2.4961303757489444 127.58301475751799 69.67176944661998 0.5710121544934391
420 3360 0 0 0 -2.2794830108887996 121.44165637273704 69.46284051654564 0.8825494224174835
421 3368 0 0 0 -2.974944197295753 121.22530528650424 69.87804696192184 0.18186952285143665
422 3376 0 0 0 -2.1058902870044958 130.0979251055683 69.3874426200081 1.0312361749414296
423 3384 0 0 0 -2.317615455421816 122.8250927343753 69.5078739081617 0.8240855723919449
424 3392 0 0 0 -2.6373227728849584 115.68389640148587 69.69727309356355 0.512134714202941
425 3400 0 0 0 -3.0707492779515153 115.00841663545316 69.96568340358708 0.06719895040788074
426 3408 0 0 0 -2.7430714626779973 120.65313045927061 69.76920478905865 0.41360606166651204
427 3416 0 0 0 -2.9312201899718646 119.58214827747526 69.8824308953503 0.21324637111677724
428 3424 0 0 0 -2.3059486218422958 120.84245760858465 69.51758606306446 0.8469145614785757
429 3432 0 0 0 -2.240641713976229 118.57839134048233 69.50140129845985 0.9056329114322185
430 3440 0 0 0 -1.4114295256361256 121.43861431472942 69.04414635376493 1.7381881246914233
431 3448 0 0 0 -2.6712621332735083 119.69236465208401 69.74379206879904 0.4655045879893234
432 3456 0 0 0 -1.5200075683493686 123.38759858653783 69.09045583110729 1.6377178583297665
433 3464 0 0 0 -1.166864875676032 122.53993927253762 68.89541566007259 1.9998101949934786
434 3472 0 0 0 -1.1988003793675186 122.57370551621105 68.91501117042466 1.96370866821646
435 3480 0 0 0 -0.49540553723961844 126.19142330280751 68.51944683932331 2.668967783128529
436 3488 0 0 0 -0.6086016537887171 125.46283597523697 68.58324757493912 2.5530466269903553
437 3496 0 0 0 -0.710507755020238 125.31628741348473 68.64454665816203 2.448968732120436
438 3504 0 0 0 -1.4346049667965524 122.65276665009263 69.06429670627901 1.7040817522340737
439 3512 0 0 0 -2.23594698557902 118.92121185062177 69.5074062020808 0.9049878338980928
440 3520 0 0 0 -1.9299746269372693 119.12183618352346 69.34249161579966 1.2105441038245484
441 3528 0 0 0 -1.8733425811286728 119.91635637409965 69.30844678139334 1.2654347730959803
442 3536 0 0 0 -1.6996545782132872 120.44480432176904 69.21138216226552 1.4392154218480249
443 3544 0 0 0 -1.1316385825736703 122.82923598342994 68.89394096157145 2.0097434477252873
444 3552 0 0 0 -1.387625718922133 122.10732143277235 69.03390603230446 1.7528871264555728
445 3560 0 0 0 -0.9880178014757216 124.06717518576706 68.80587814316885 2.1591855440981464
446 3568 0 0 0 -0.8430233524716955 125.35355896468167 68.71344763895208 2.3109602211021203
447 3576 0 0 0 -0.5756532756394228 126.57415449822699 68.56286311207873 2.5840073236727585
448 3584 0 0 0 0.017251567375807283 129.42858584747546 68.22050724589145 3.1840108311204647
449 3592 0 0 0 -0.345312224971875 127.2966403425204 68.43354314541548 2.8141453759187534
450 3600 0 0 0 -0.45668398087652107 127.1357202617163 68.49369219207985 2.704967925087749
451 3608 0 0 0 -0.8068270437581663 125.59844045833673 68.69469550435791 2.349453476461347
452 3616 0 0 0 -0.923908284171329 124.71411122970106 68.76309246041022 2.2316541948832027
453 3624 0 0 0 -1.02490692508082 124.21008698601707 68.82572551613232 2.1267516775192865
454 3632 0 0 0 -0.952235868914898 124.5959800562982 68.78489226442346 2.1994244340124998
455 3640 0 0 0 -0.740514050777102 125.68454816160381 68.66010329360634 2.4163397559308946
456 3648 0 0 0 -1.0605428908573857 124.29480039827358 68.84180743915478 2.0925076403714087
457 3656 0 0 0 -1.2814342480679424 123.33370473212867 68.97117428257846 1.8654535610741552
458 3664 0 0 0 -1.0186371385864224 124.55647354661859 68.82556377172597 2.127542449927579
459 3672 0 0 0 -1.2073504192261426 124.14817355728451 68.9370034318947 1.9315056692916324
460 3680 0 0 0 -0.9361837302090377 125.18967082738374 68.78294455393011 2.207086935186097
461 3688 0 0 0 -0.4771006724563369 127.2550304104054 68.52506959658375 2.669782902322005
462 3696 0 0 0 -0.7880472660136955 126.02564626348081 68.70306480183365 2.3530383697043784
463 3704 0 0 0 -0.7121779772288831 126.34838350133528 68.6591558129189 2.429080927334912
464 3712 0 0 0 -1.2416030534734759 123.78792621940805 68.95789538685217 1.8949912116153298
465 3720 0 0 0 -1.2149084139168458 123.58611991220253 68.94662067736395 1.9212339258473474
466 3728 0 0 0 -1.1373642671125161 123.67315821846624 68.90282668725071 2.0020962464674184
467 3736 0 0 0 -0.9455664262879412 124.72583212437993 68.79129640049315 2.198275648713746
468 3744 0 0 0 -1.3363228927877793 122.83033595132464 69.01772890302027 1.7991942462905843
469 3752 0 0 0 -1.5074263398879424 121.9833116095104 69.11239908406942 1.6290222859062773
470 3760 0 0 0 -1.7452967826094148 121.16657820235896 69.24267233908222 1.3907297501939857
471 3768 0 0 0 -1.644092915979785 121.61205956726823 69.1835448590739 1.4939294613164675
472 3776 0 0 0 -2.1716003031791606 119.152353500149 69.47849331492345 0.9637063720646313
473 3784 0 0 0 -2.4967545288098156 117.8525388483053 69.66326596762246 0.6338309067086619
474 3792 0 0 0 -1.815244958326275 121.14422099325452 69.27108781963037 1.3284267796786382
475 3800 0 0 0 -1.7749908906848684 121.56442189067535 69.24477057533711 1.3693120463280535
476 3808 0 0 0 -2.2228117596786654 119.57331545721868 69.50045503366049 0.9122227923825565
477 3816 0 0 0 -1.6684809789114377 122.07464618224947 69.17853127344232 1.480022504552422
478 3824 0 0 0 -2.2908039497185326 118.99066096164812 69.53377769247449 0.8475325704925898
479 3832 0 0 0 -2.638413828807421 117.02076323944611 69.73779867037958 0.49278318622390743
480 3840 0 0 0 -2.3032615403311483 118.84155998261288 69.54161096825277 0.8342490135699715
481 3848 0 0 0 -1.2584315471034853 123.94668081920192 68.93972325106719 1.898946176548988
482 3856 0 0 0 -1.2600784113307193 123.81338447343722 68.9357070149463 1.90038539177975
483 3864 0 0 0 -0.38432728906809316 127.7746902403924 68.43983258242014 2.788917946219051
484 3872 0 0 0 -1.108753359200195 124.53251031093102 68.8463127864029 2.056748227386736
485 3880 0 0 0 -0.7106844839182436 126.64018320232732 68.61499045535164 2.4621520436752005
486 3888 0 0 0 -0.18178748695301775 128.91000170263197 68.31592089059397 3.000542448917908
487 3896 0 0 0 0.05671739081948879 129.9776192013665 68.17281360336868 3.24614405746916
488 3904 0 0 0 0.21655552399120118 130.50193658485495 68.08199052136906 3.409256689329245
489 3912 0 0 0 -0.025295924707465757 129.504656655623 68.22342083610584 3.1598370951480086
490 3920 0 0 0 -0.22741302373144512 128.53300352893837 68.33445724175814 2.957203567359871
491 3928 0 0 0 -0.4013649668423318 127.85775788703019 68.43262879755324 2.7806198976244816
492 3936 0 0 0 -0.6777183349460567 126.59356948332525 68.59249525257994 2.499226009587165
493 3944 0 0 0 -0.2979149988707631 128.31997754222667 68.37148144591046 2.888125841349118
494 3952 0 0 0 -0.1757146153727604 128.72435463819744 68.30230168585169 3.0130680766094007
495 3960 0 0 0 0.16380443182423166 130.39497101740125 68.10717027851204 3.3585662986736176
496 3968 0 0 0 0.061994270715623044 129.9530468110116 68.16672752381847 3.253890291093686
497 3976 0 0 0 -0.2552167776425293 128.63170619898273 68.34778890206866 2.9306352008250984
498 3984 0 0 0 -0.2838202272759004 128.371755387766 68.36484716645234 2.9012705377841637
499 3992 0 0 0 -0.03377465433380572 129.40957762896926 68.22125235166111 3.1565809185794462
500 4000 0 0 0 -0.00019745188558735168 129.6146403990095 68.20010942219524 3.1912607828968778
501 4008 0 0 0 -0.23398432267319155 128.62383862857462 68.33330705830727 2.9530869438693887
502 4016 0 0 0 -0.4721209568101289 127.61426245093395 68.46674171969926 2.7117108482217045
503 4024 0 0 0 -0.6990652297340466 126.62836630677538 68.59514952489823 2.48155730607547
504 4032 0 0 0 -0.5577317959079373 127.35341407220497 68.51306887975838 2.625965046272158
505 4040 0 0 0 -0.7742753856264007 126.37482641944811 68.63843740645638 2.4046680387657315
506 4048 0 0 0 -0.7051837651455694 126.71930509487237 68.59952770180222 2.4746005349406768
507 4056 0 0 0 -0.8039676137175551 126.2607262956348 68.6566306093803 2.3736443157959464
508 4064 0 0 0 -0.8438402364453597 126.14510332413201 68.67955193753019 2.3327766017403864
509 4072 0 0 0 -0.8991799911088009 125.89242314805286 68.70997274860116 2.276905083726488
510 4080 0 0 0 -0.7148576593692871 126.71626711518961 68.60525125528304 2.4645875618136697
511 4088 0 0 0 -0.8779947368816409 125.96633878293142 68.69845914691511 2.2986670163853673
512 4096 0 0 0 -0.8822748889516037 125.9164466777166 68.70035297859344 2.2943471943375924
513 4104 0 0 0 -0.8326726644739115 126.15062211621567 68.67221986236557 2.344621371611401
514 4112 0 0 0 -0.8899019416109849 125.94008695941984 68.7034186990273 2.2870200668085645
515 4120 0 0 0 -0.6306663344215502 127.06172963622798 68.55600674949459 2.551013723193315
516 4128 0 0 0 -0.43429628365888107 127.91990838457922 68.44487234720656 2.7504160019871553
517 4136 0 0 0 -0.6944988822595908 126.74652394532853 68.592997701784 2.4859118014637334
518 4144 0 0 0 -0.7570619981244454 126.42242356681088 68.62909054187311 2.422012212115334
519 4152 0 0 0 -0.4421518991142967 127.80559679053225 68.4507410792032 2.742172634514886
520 4160 0 0 0 -0.3127224832646664 128.3717999123335 68.37723074499308 2.8737899222197307
521 4168 0 0 0 -0.04604537002191385 129.53244791404992 68.22496424185877 3.14567976020203
522 4176 0 0 0 -0.13012462924709298 129.12621117837065 68.27337883290757 3.0598693884244645
523 4184 0 0 0 -0.38137231815978395 127.98391750301462 68.41702068974462 2.8036921983606633
524 4192 0 0 0 -0.8395428824563069 125.95639515682149 68.67821187165393 2.3372374776321645
525 4200 0 0 0 -0.7768819015546291 126.14072173457625 68.64398737883822 2.4006599869662937
526 4208 0 0 0 -0.38328874923543393 127.88211346954976 68.42092240894256 2.800768727052772
527 4216 0 0 0 -0.6214194003416348 126.78853796822865 68.55791389768464 2.557574628142152
528 4224 0 0 0 -0.042681131860745396 129.34671060504317 68.22759509665713 3.147205394339329
529 4232 0 0 0 -0.8404330475098878 125.81587685953379 68.68296017486539 2.3348501659037084
530 4240 0 0 0 -0.9907616777122019 125.19364477005733 68.76843594897466 2.1817378295861607
531 4248 0 0 0 -0.8793486581626708 125.6898363446295 68.70447329507695 2.29543486343872
532 4256 0 0 0 -0.5842140749549735 127.01135722384896 68.53568849739999 2.5961507717497776
533 4264 0 0 0 -0.6183659382759873 126.87883909111389 68.55494934542045 2.5613578817416713
534 4272 0 0 0 -0.6142745641658887 126.95140833196491 68.55131945369902 2.566044667224572
535 4280 0 0 0 -0.1424007158361214 129.03512173489597 68.28256166997602 3.046348022517356
536 4288 0 0 0 -0.06519523622525553 129.3658022519458 68.23920158401613 3.12484039250351
537 4296 0 0 0 0.4746474717041227 131.74960326708842 67.9316579603845 3.6743474191841607
538 4304 0 0 0 0.68880310704073 132.6889607468204 67.80989819716952 3.89210674766531
539 4312 0 0 0 0.4065019253142352 131.42531681767713 67.97135376503363 3.604460542389098
540 4320 0 0 0 0.934826394111276 133.7072300168764 67.67137221975987 4.141919071861773
541 4328 0 0 0 1.6754425950928546 137.02082387268456 67.24878768080954 4.896217891836243
542 4336 0 0 0 1.5032332959133852 136.22541126656537 67.34654569384544 4.721420286762307
543 4344 0 0 0 1.6101273407138097 136.7166202702094 67.28443686177236 4.83089048753371
544 4352 0 0 0 0.39509695804245987 131.33550397529632 67.97721892842227 3.5936781993674622
545 4360 0 0 0 0.5434949442522231 131.9693831727279 67.89215154735382 3.744910333382072
546 4368 0 0 0 0.5140778921443344 131.90240711452654 67.90839188377305 3.7152469157069055
547 4376 0 0 0 -0.11350109632731431 129.12517295867303 68.26571355958131 3.076415295090866
548 4384 0 0 0 0.4746813722790817 131.75611715041146 67.93004421977408 3.67544883189768
549 4392 0 0 0 -0.04468976789479537 129.4636345121126 68.22613479267478 3.146630846039621
550 4400 0 0 0 0.006050189578731062 129.68333414578038 68.1972328539825 3.1981875178884405
551 4408 0 0 0 0.3446095786766158 131.17403614969166 68.00524006224286 3.542266509744095
552 4416 0 0 0 1.3621096235256163 135.64762041877066 67.42537681447882 4.578217955375561
553 4424 0 0 0 1.4577703556513961 136.08719170534846 67.37114111988348 4.6754492872855
554 4432 0 0 0 0.7474636420916791 132.9880853910413 67.77468061227927 3.9528560365178067
555 4440 0 0 0 1.297750855960726 135.43198764953718 67.46104485411202 4.513116997754751
556 4448 0 0 0 1.4130224416678137 135.91933172158656 67.39545470848076 4.630414465643731
557 4456 0 0 0 0.9078006301164229 133.7201010464075 67.68311916389635 4.11613890354566
558 4464 0 0 0 0.6020142378140808 132.36164993112533 67.85812921203588 3.8043964413385982
559 4472 0 0 0 -0.3026915637815049 128.42399092533802 68.37241699993285 2.883967181592562
560 4480 0 0 0 0.4440644779303496 131.73815036974682 67.94635610917088 3.6443831394769406
561 4488 0 0 0 0.08778873283643844 130.149349104369 68.14867284603467 3.2820476946102217
562 4496 0 0 0 0.46162041790312003 131.7643998709977 67.93600123314717 3.6624565870756967
563 4504 0 0 0 0.39964972750092825 131.52228805635255 67.97018318271002 3.6000037178578994
564 4512 0 0 0 -0.8078238387653033 126.20932742512579 68.65798034210073 2.3709704910388156
565 4520 0 0 0 -0.6989931104669945 126.68203282132639 68.59708139177687 2.481152919018726
566 4528 0 0 0 -1.4369806021308273 123.46131112630925 69.0170913384211 1.7300287468608044
567 4536 0 0 0 -0.7662094482965839 126.41054462537369 68.63458093280494 2.4129856032644463
568 4544 0 0 0 -1.261830312273397 124.22165242355457 68.91760324919414 1.908026810756147
569 4552 0 0 0 -2.182956540510575 120.19359185551971 69.44240436054746 0.9702348330979026
570 4560 0 0 0 -2.5677976197312673 118.51547758521981 69.66099848126053 0.5790065293977449
571 4568 0 0 0 -2.4529476756469384 118.99207968740592 69.59589477844507 0.695818264129903
572 4576 0 0 0 -1.4824966912146378 123.2462551533821 69.0434407222734 1.6835478038764133
573 4584 0 0 0 -0.788394775618953 126.31163843335396 68.64910489259864 2.389634185064344
574 4592 0 0 0 -2.1339842819083037 120.42823779877486 69.41512836511664 1.019913798460366
575 4600 0 0 0 -1.934974582768138 121.25500924181219 69.30229559533085 1.2223239550482765
576 4608 0 0 0 -2.4752845556731833 118.86746971799066 69.60996447371983 0.6723252143776111
577 4616 0 0 0 -1.4101911265624607 123.56510468659613 69.0024259850399 1.7569278902792402
578 4624 0 0 0 -1.7323098395869956 122.15065077665125 69.18640826563764 1.4288509577534239
579 4632 0 0 0 -1.8723201466652326 121.49467048946588 69.2667648978276 1.2861945738353955
580 4640 0 0 0 -2.7910227949591033 117.43801503960593 69.7895626465946 0.3512719243098523
581 4648 0 0 0 -2.8471713743488456 117.15070756764237 69.82177020167588 0.294226536613902
582 4656 0 0 0 -1.2981417641904711 123.9348084557846 68.94142459465681 1.8701901872537476
583 4664 0 0 0 -0.12096169474259275 128.9392887910455 68.2749837808543 3.067014240845999
584 4672 0 0 0 -1.1753084570237462 124.33138244197555 68.87219370161786 1.9954738496340376
585 4680 0 0 0 -0.8524932886861162 125.57561303051057 68.68839787756399 2.3247703051665036
586 4688 0 0 0 -0.8992522287116171 125.24632091718193 68.71431136731687 2.278876218529912
587 4696 0 0 0 -1.0523315722723976 123.98972329905311 68.80229292989819 2.123600243875668
588 4704 0 0 0 -0.8499610815317009 123.86935886824125 68.69082280684442 2.3288132043323113
589 4712 0 0 0 -0.2866717473744594 125.9400649481892 68.36707864352178 2.909616133241688
590 4720 0 0 0 -1.781469990063988 119.2744679469681 69.17235973584685 1.4081546678013612
591 4728 0 0 0 -2.416886459071466 114.93139121260045 69.55371024058773 0.7600047740987423
592 4736 0 0 0 -2.749565489653504 112.64929834481346 69.7523494599134 0.42271899400676066
593 4744 0 0 0 -3.141592653589793 110.0 70.00000000000001 0.0
594 4752 0 0 0 -3.0037077617749435 110.53694646245322 69.91600339275661 0.15784717737422505
595 4760 0 0 0 -3.1346108596341375 110.02832237052962 69.99487392412875 0.00946982055074516
596 4768 0 0 0 -3.1371203142265287 110.02064044603019 69.9944679082462 0.009931805574716044
597 4776 0 0 0 -3.141592653589793 110.0 70.00000000000001 0.0
598 4784 0 0 0 -3.1304279985569545 110.05330730109176 69.99091544445257 0.016286478673809356
599 4792 0 0 0 -3.141592653589793 110.0 70.00000000000001 0.0
600 4800 0 0 0 -3.125967348358845 110.07460533694476 69.98931059469689 0.01898164733453698
601 4808 0 0 0 -3.137649812862634 110.01882567774655 69.996851651997 0.0056051462712333145
602 4816 0 0 0 0.6507074931714708 126.06786273778111 67.85646873639834 3.8563441099301707
603 4824 0 0 0 -2.984168674019036 110.66706803779536 69.91092568377239 0.16024906550252566
604 4832 0 0 0 -3.141592653589793 110.0 70.00000000000001 0.0
605 4840 0 0 0 -1.8142315115688277 116.32522040358954 69.2335369882646 1.3546512805042485
605 4840 0 0 0 -1.8142315115688277 116.32522040358954 69.2335369882646 1.3546512805042485
