% # columns="iter, evals, sigma, 0, fitness, xbest" seed=285079, Sat Sep  6 14:53:54 2025, <python>{}</python>
1 8 13.745932791631896 0 41.19372452846357 3.141592653589793 129.07045211255857 34.218050185684746 0.0
2 16 12.294980479915179 0 54.5731528794577 3.141592653589793 127.85128291955075 23.39369080942124 0.0
3 24 10.07138954683646 0 55.908417034843104 2.789141216431362 128.7105442347874 31.85440029726934 7.623956752801636
4 32 9.817987610603753 0 47.875138538135886 3.141592653589793 140.0 39.90772094705173 17.143731292866008
5 40 10.689415121458676 0 42.10743606773913 1.0668790452175743 132.08896725758208 24.837272167586477 8.486968205251845
6 48 8.961432797461345 0 62.921306460637496 -3.141592653589793 140.0 25.190245148097922 5.762129116608998
7 56 10.22840845955095 0 97.54372184894413 -3.141592653589793 121.75207128101475 40.27162553829642 12.37535704348322
8 64 9.884844771635812 0 82.8720819148825 -1.0037692951877177 130.76218498725595 40.41359780876235 5.677704237467202
9 72 8.55384586395276 0 70.05328030076959 3.141592653589793 136.67737754574105 35.96532751752152 13.141272413171066
10 80 7.747905901525921 0 79.70895045398825 2.4371777407986106 140.0 25.40294061214257 3.3509751206678544
11 88 6.087085324284798 0 49.76472251646138 -3.141592653589793 129.27473815946445 35.73555712299339 7.954247934573839
12 96 5.251466732409766 0 170.84180244312205 3.141592653589793 137.74634583991568 26.46131893825909 5.072403947256039
13 104 5.691938180458072 0 37.88307802730383 -3.141592653589793 138.92993610939052 27.2002688265705 7.132646645107913
14 112 6.194894721225609 0 170.49110629233712 -2.2479923502284187 140.0 30.194982339066627 5.427932144715322
15 120 5.428538201499026 0 89.63101268417088 0.35430344929382596 138.2710427172192 29.166007610608602 5.867727200100347
16 128 5.029233785721035 0 30.541913979619018 3.141592653589793 140.0 23.94915154885593 2.6754962783212157
17 136 4.3035965417841835 0 80.23917622187031 3.141592653589793 140.0 25.305519274661243 4.954804340603305
18 144 4.363789304724127 0 124.7790876631883 3.141592653589793 137.50775852637702 24.585719735484155 5.257416982640167
19 152 4.237587488451147 0 43.189624893429794 1.4408780116642868 140.0 24.50930480622613 2.8097504201459635
20 160 4.63942939331828 0 52.41685171962176 1.776941420841089 138.80828575259414 23.016783077742986 0.26467231976567307
21 168 4.613963329374131 0 33.43396534608986 3.141592653589793 137.86306521903845 24.228921283518325 3.7539949648484443
22 176 4.728350221948548 0 120.76653960667323 -0.9017773985817223 137.57191686776937 25.0450507194273 5.438240083057324
23 184 4.998379392096115 0 143.6880486130912 -2.9514664901664136 138.5588628838488 26.604423449985916 6.202929392495577
24 192 4.639040127784866 0 44.6848923805151 0.7447558087004627 135.9862839206691 27.059453972210708 6.923998601963404
25 200 4.468210366702021 0 33.658160766869614 1.46246292782082 133.9938502445955 27.127655541253244 7.8475329978782975
26 208 3.9944643069145234 0 55.130084925365466 1.6603874623986046 136.8102863473306 28.326223624396416 7.008714423357206
27 216 4.196778449087478 0 71.4012431789017 2.421628264470706 140.0 23.992647850756587 7.057313119987428
28 224 4.261889293197484 0 47.62925907630137 2.799247899257751 140.0 24.305306971455366 7.68332536604479
29 232 5.347313051944832 0 80.71380680258386 2.433628324170942 140.0 21.170590901204996 7.2620381052000855
30 240 5.737339250382556 0 44.981067371433355 3.141592653589793 140.0 21.167201152736514 3.5859693379896225
31 248 5.459726506426015 0 161.72049897539938 3.141592653589793 140.0 22.470046687144144 3.149373552882602
32 256 6.448878308012019 0 186.43852415971406 -0.7368107658586975 136.94976385416615 20.625575502983587 1.5229480130657915
33 264 6.752908893664947 0 37.494031143883355 -1.970734296236391 133.90127219934558 23.92218966578698 2.5912510449275996
34 272 6.491485811844375 0 41.04276463807534 -3.141592653589793 134.74056897147744 24.132502136489464 0.9536466139838737
35 280 6.487427457237539 0 300.21757516998724 -3.141592653589793 132.34558795311415 25.878091131915056 2.4485306779658
36 288 6.1268632604679 0 39.96417960507249 -1.5125072300594815 136.17179013160347 24.843296273218836 7.043706887790747
37 296 6.273327636155763 0 54.76936761475697 -1.8420449072644787 132.1842429409568 27.277621607743118 10.19538887281703
38 304 5.817956220970045 0 42.77770496873196 0.9602884024895515 137.7465935950923 23.412444669260058 7.575828109064959
39 312 5.408268920247049 0 89.10571949019457 0.6857704903879513 138.86122341654277 22.003588707414742 5.667139637342021
40 320 4.864548181333686 0 44.81116006955619 -0.926526528549598 135.21260287892025 25.318908543498363 4.136823727045067
41 328 4.472286905821528 0 46.54974324090584 -1.33540027144196 135.49273258379515 24.31366517701371 4.453869882621438
42 336 4.067712419274364 0 40.53142160852625 -0.9381035453966042 136.9546860056029 24.573469263560376 7.892549827160502
43 344 4.036618489997958 0 62.90810056348598 1.0805100581114693 140.0 24.55601946147674 10.235186762252193
44 352 4.231530450200936 0 33.629165747252706 -1.8788628180816995 131.48546168977467 26.851175281051546 8.316427210506069
45 360 4.914585702097489 0 67.98107080659457 -2.6583244990961346 130.04506807230197 25.97616285984005 4.766155956788588
46 368 7.161855407900353 0 38.629395949403595 -3.141592653589793 122.03613768753293 27.393718118850682 4.397134078762358
47 376 8.62923239342883 0 39.52364106322117 -3.141592653589793 119.13137968341572 27.739499110558704 2.00856552543567
48 384 7.029701416317626 0 37.26182484962969 0.4783534121096298 135.2697344927836 26.723015885950296 10.30723195284488
49 392 6.5576784984835195 0 111.47495180764764 2.8057364871233137 140.0 23.162353452342938 7.311910873827445
50 400 7.207077046999111 0 34.24241037500393 3.141592653589793 140.0 23.673456055288483 11.558156639240675
51 408 6.37034829253292 0 43.602952312794 3.141592653589793 136.23126184444644 23.735853131088632 8.32876929768669
52 416 6.085734646063055 0 64.44483839520741 0.9176400977047154 134.43734886882837 27.014022052232278 12.613007110800666
53 424 5.807154193068698 0 103.96381073367324 2.3001095740960267 136.23327370675048 26.465181936974965 13.568292696842892
54 432 5.018848673258023 0 112.25531085955497 0.43638327025079116 132.73719319209965 27.270170336107157 10.852521610408868
55 440 5.161249204893831 0 95.34843473008775 -2.220373902781109 128.46090256585916 29.211528788920898 11.804560921275842
56 448 4.798460460248183 0 56.510366702520784 -0.9072186127971259 126.47177024762615 26.321109696298564 6.2763950195042115
57 456 4.377518692067089 0 51.294223315171266 -0.4972484098565628 128.9492881815452 26.94985444585341 7.8739899215961024
58 464 4.195066362362602 0 82.18544401264472 -2.574064587414288 126.23124777234088 28.347206413372138 8.25230798949773
59 472 4.1832368519265755 0 134.89591319947624 -1.1811576498835177 124.83245647393932 27.256374206894257 6.401956325463758
60 480 4.66329072623613 0 43.940594367146524 0.05415713511093756 130.65835661304544 25.377061117752845 6.034399158159466
61 488 4.467696557659312 0 42.015631639534746 -0.6526342023127245 129.1350736873235 26.48639761667051 6.415756327220634
62 496 4.983118875981844 0 69.53540806566858 3.141592653589793 130.50763228789594 22.649166675884608 2.9587735080074964
63 504 5.527238984637894 0 59.533149437892504 3.141592653589793 137.4862888299497 22.73491250848396 6.599064150418483
64 512 5.338383365179012 0 76.12625745718351 0.13648699244230134 129.9783129277041 25.56977155182134 6.459100284655711
65 520 5.413535651238595 0 97.82193321224017 -1.3981840130586063 125.54036226568178 25.533675847903787 2.8735234978686788
66 528 6.19732798029925 0 41.97540908747722 1.1627539708238381 127.42173601932083 22.714863556342454 0.2249427276966638
67 536 7.424220321606317 0 82.39227127822836 -0.30363268670517085 125.56302279731888 23.47257800491193 0.0
68 544 8.74828802393792 0 43.00656604256204 3.141592653589793 134.37151196201054 20.481626348420082 2.00547986510071
69 552 9.895127829931395 0 116.80487886932856 2.579831710863447 137.63007645883891 19.97702929020022 5.141336291121341
70 560 9.940335710245884 0 37.925244640816246 -2.8048223780522585 121.34738915883091 25.899560851415664 3.3158946545640893
71 568 10.350621321003413 0 44.804812099551626 -2.080365622781493 124.299162463692 24.286107895617462 0.9666845215506825
72 576 10.059964036066333 0 39.150605806221336 -3.141592653589793 117.65843106950675 29.044379376617936 5.713834464022952
73 584 9.14198101016193 0 31.179364572097025 3.141592653589793 130.8779256958684 20.506471930212655 1.3350850761069866
74 592 9.052499979274723 0 47.48286312414807 1.8385589578877846 129.04469659384569 21.923813918256776 2.469506814350571
75 600 9.712007846917947 0 34.33054256404358 -1.4718079823015642 123.33613673039677 24.427615344907082 5.625226929349697
76 608 13.380171780539538 0 62.486482750221676 0.8123768585756708 125.6387763300527 19.785371167374006 0.07750716960244608
77 616 18.87210155530237 0 -2.5561601492762556 3.141592653589793 140.0 0.0 0.0
78 624 33.08442936943149 0 39.836513265109545 3.141592653589793 127.8353463231885 5.582714196479737 0.0
79 632 56.294340918009055 0 -0.6320856139063817 3.141592653589793 140.0 0.6470271651600434 0.0
80 640 97.09726448664746 0 -2.5561601492762556 3.141592653589793 110.0 0.0 0.0
81 648 97.81184481968695 0 -2.5561601492762556 3.141592653589793 140.0 0.0 0.0
82 656 78.67719308258006 0 -2.5561601492762556 3.141592653589793 140.0 0.0 0.0
83 664 74.24810543346513 0 -2.5561601492762556 3.141592653589793 140.0 0.0 0.0
84 672 61.682910645233335 0 -2.5561601492762556 3.141592653589793 140.0 0.0 0.0
85 680 48.11429803583919 0 -2.5561601492762556 3.141592653589793 140.0 0.0 0.0
86 688 46.91392864648356 0 -2.5561601492762556 3.141592653589793 140.0 0.0 0.0
87 696 39.25601057245244 0 -2.5561601492762556 3.141592653589793 140.0 0.0 0.0
88 704 36.02944833002522 0 -2.5561601492762556 3.141592653589793 140.0 0.0 0.0
89 712 27.948832903637275 0 -2.5561601492762556 3.141592653589793 140.0 0.0 0.0
90 720 22.92538937694923 0 -2.5561601492762556 3.141592653589793 140.0 0.0 0.0
91 728 19.47543386035532 0 -2.5561601492762556 3.141592653589793 140.0 0.0 0.0
92 736 18.652067037189934 0 -2.5561601492762556 3.141592653589793 134.27595952919478 0.0 0.0
93 744 16.33655821340673 0 -2.5561601492762556 3.141592653589793 140.0 0.0 0.0
94 752 12.820631516292229 0 -2.5561601492762556 3.141592653589793 136.83613631618715 0.0 0.0
95 760 10.729794097204469 0 -3.2095228892564833 2.7609699409630517 137.1260929304433 0.1472305197086171 0.0
96 768 8.208038583538396 0 -2.5561601492762556 3.141592653589793 138.94929888537462 0.0 0.0
97 776 7.06870063022934 0 -2.5561601492762556 3.141592653589793 140.0 0.0 0.0
98 784 5.702516016315096 0 -2.5561601492762556 3.141592653589793 137.9498248184259 0.0 0.0
99 792 6.416214235119055 0 -2.5561601492762556 3.141592653589793 140.0 0.0 0.0
100 800 6.1125995092834025 0 -2.5561601492762556 3.141592653589793 140.0 0.0 0.0
101 808 7.546895493719244 0 -2.824594310820104 2.856024506856678 137.56107197555144 0.05622771116119173 0.0
102 816 7.648059305829877 0 -2.5561601492762556 3.141592653589793 136.17785433193757 0.0 0.0
103 824 6.774470537618306 0 -2.5561601492762556 3.141592653589793 140.0 0.0 0.0
104 832 5.155104040165927 0 -2.5561601492762556 3.141592653589793 138.36592121344893 0.0 0.0
105 840 4.378094957638459 0 -2.589334253966812 3.012174659204912 137.8063772774104 0.02382297793758223 0.0
106 848 3.949082337216916 0 -2.925287980139256 2.901957218702246 138.69740773082083 0.1344416547928755 0.0
107 856 3.8913955311451955 0 -2.5561601492762556 3.141592653589793 139.0772675001622 0.0 0.0
108 864 3.4898011737259225 0 -2.5561601492762556 3.141592653589793 139.9857213613362 0.0 0.0
109 872 3.883922718849034 0 -3.1556834515929255 2.794009353705656 137.248224438807 0.1508686131940066 0.0
110 880 3.2218835510792743 0 -2.5561601492762556 3.141592653589793 140.0 0.0 0.0
111 888 2.8368782310584524 0 -2.5561601492762556 3.141592653589793 140.0 0.0 0.0
112 896 2.728071692044571 0 -2.5561601492762556 3.141592653589793 139.98577171087766 0.0 0.0
113 904 2.3528037909489483 0 -2.5561601492762556 3.141592653589793 140.0 0.0 0.0
114 912 2.5878063361024224 0 -2.934502551257614 2.7769512919880435 137.11891663877822 0.20891970336351331 0.0
115 920 2.7838712985615586 0 -2.567597078979019 3.022131684976949 137.87538949585408 0.009343183637329333 0.0
116 928 2.851776894899884 0 -2.5834029084444072 3.0119692885285607 137.85037741284935 0.01906257157153471 0.0
117 936 2.809483007828142 0 -3.0027602159976983 2.830397727304179 137.8900081302028 0.21165139507825673 0.0
118 944 3.045409516208565 0 -3.049051358997823 2.8359361740559357 136.67748541621557 0.19366810070316354 0.0
119 952 3.4334965484319064 0 -2.5561601492762556 3.141592653589793 138.01283845567366 0.0 0.0
120 960 2.651757435524069 0 -2.574267954230306 3.043477838084532 137.77230507171498 0.03369880780343379 0.0
121 968 2.4652775897267185 0 -3.021699308454995 2.8640780921742413 137.82790466895736 0.16966731629395881 0.0
122 976 2.1741836816659417 0 -2.644561813473703 2.9984932546395013 137.1719978782602 0.05965410865530031 0.0
123 984 2.870386340704456 0 -2.5561601492762556 3.141592653589793 137.3495360061835 0.0 0.0
124 992 3.0942754698372568 0 -2.9245241338014605 2.9014924454011335 136.9111832029348 0.13536530540804267 0.0
125 1000 3.955384289100826 0 -3.052182681858544 2.8486675618754456 135.2182100949749 0.16757627736134761 0.0
126 1008 4.166132699260541 0 -3.059542247354985 2.8367526193504147 135.5656360366612 0.13446334624221776 0.0
127 1016 3.879683537030836 0 -2.3495027151703844 3.141592653589793 137.5461129232697 0.0 0.10275862459035856
128 1024 4.465626809293291 0 -3.0622189322113975 2.819448520532797 136.89168970108352 0.11446223473128157 0.0
129 1032 4.059909871991241 0 -1.859606799781325 2.9201993232227603 137.9036105953641 0.19487484836443073 0.14372937112989403
130 1040 3.4418438305912584 0 -2.1091499486565617 3.141592653589793 138.4740417030173 0.0 0.21448605905837015
131 1048 3.0876742411969116 0 -2.2680836310982713 2.9439913657374683 137.47995459669107 0.11925989237099549 0.23269539423631241
132 1056 3.1020770048568536 0 -2.9368425378203415 2.896091761100198 138.0056930426242 0.13370391413551508 0.0
133 1064 2.7615440106665097 0 -2.629338549077513 2.9975704288530314 137.41508080068127 0.08236536032223611 0.16044611149076676
134 1072 3.381294848616614 0 -2.3048111465573324 3.141592653589793 137.2871236801502 0.0 0.12437223135632625
135 1080 3.394534541656186 0 -2.9253930419683476 2.890323655029275 135.8644058513682 0.21097689159519128 0.0
136 1088 3.0644389678421518 0 -2.831957491338253 2.93092693124125 135.9792712918319 0.1122733969368362 0.0
137 1096 2.7414684894630934 0 -2.746068777739996 2.9436974723596188 135.44478178951087 0.16712024057613908 0.08210495260398054
138 1104 2.4813490028403358 0 -2.876362110078336 2.8664104107502366 135.61400473913145 0.2397543588749948 0.0
139 1112 2.141526205366256 0 -2.9876902064681063 2.8626853056761763 135.6630956174693 0.2043579168824103 0.0
140 1120 2.0000178456214113 0 -2.7618659245967887 2.967825927312039 135.1178267470195 0.14616824809361925 0.03678696291253815
141 1128 1.8169895942790466 0 -2.911990373134614 2.9070849296205323 135.5161852577473 0.1937453450478282 0.0
142 1136 1.3858854374455682 0 -2.939941823780538 2.8996761272499625 135.6055081557696 0.17615923289054103 0.0
143 1144 1.432174126685465 0 -2.799541658461097 2.9534383661767865 134.95877436075847 0.1342908016972131 0.05689510388631621
144 1152 1.4578528956943517 0 -2.9567731019854566 2.889337301943888 134.93234474904418 0.179075088965022 0.009196085545266693
145 1160 1.770271453448755 0 -3.0175960987806363 2.838222257250444 135.08402724235694 0.2076558262721254 0.0
146 1168 1.8223682346266328 0 -3.0031836673617383 2.8649562355135214 135.36544127157413 0.19164372412926053 0.00022247191163090414
147 1176 1.9699797491737332 0 -3.0817438617348696 2.8279161232672108 135.48147333215317 0.1814066835912385 0.0
148 1184 2.9256743057687937 0 -3.0986256292462375 2.8227758091070685 135.51710489825496 0.146627152149143 0.0
149 1192 3.670163427062071 0 -3.129830866158011 2.8054882703964554 135.10370887214333 0.14551306758655982 0.0
150 1200 3.482801548254457 0 -3.030265028476716 2.8594018138738844 135.6056555166256 0.13775802541476603 0.01918261294461516
151 1208 3.7608684321226376 0 -2.9040684163570383 2.8773021256465716 136.86890079562156 0.044287850745527726 0.04752436608216813
152 1216 3.677078402334022 0 -3.0525863718986503 2.820580928212962 136.06219624622884 0.08511770778147831 0.026498434213270125
153 1224 4.167578530746909 0 -3.2279048579931304 2.7141196394608422 135.52524421269428 0.17335032671539147 0.0
154 1232 4.3929420010342195 0 -3.3050972646474897 2.6917638246025843 135.63581359092086 0.13745601490497072 0.0
155 1240 4.423074054941561 0 -3.2989188382029564 2.6968399323626806 135.3665317683569 0.14323972410931662 0.0
156 1248 5.005892112545643 0 -3.18690771698952 2.5835468553701126 134.20627583040627 0.1493968434950208 0.0
157 1256 4.888002090063932 0 -3.377399485707282 2.6090517698711073 134.36837508575243 0.1128156033935628 0.0
158 1264 4.169965099936876 0 -3.2744220411777523 2.715964961211979 134.16332198189878 0.09242477752326848 0.04843410400780535
159 1272 4.501702865172593 0 -2.972035756707193 2.8796464003576383 136.94756053440278 0.0 0.22880769630703363
160 1280 4.388652502456732 0 -3.23988468140364 2.7477136048440305 136.80544200711498 0.048403100615034556 0.11172512812315216
161 1288 3.5056023793450475 0 -3.2961279544234294 2.665064183802121 134.28010147980024 0.11746477557974182 0.04485869511084896
162 1296 3.4086382094414622 0 -3.325904701054095 2.651090452148702 136.3793483787374 0.02933758014376061 0.07981177408158718
163 1304 4.464095982498437 0 -3.460830188393593 2.5167322276932773 135.84010413758025 0.10281745006778517 0.0
164 1312 6.6537347502020285 0 -3.5391307795047746 2.3926586770277334 137.803042768184 0.08939454714714525 0.0
165 1320 9.40034758534338 0 -3.4562099856138215 2.4002583653419767 137.22743115739894 0.07592752907434135 0.0
166 1328 9.684262114828513 0 -3.494310743808745 2.5011633627268584 133.0254612606326 0.04595094575772251 0.06531320372281094
167 1336 10.940006980172164 0 -2.7300230407714885 2.5462932504973423 135.25008593413227 0.04588795543394693 0.1101305146788426
168 1344 13.712392584147933 0 -1.9648192408680938 2.661173082344639 137.75472785165098 0.0627495604785946 0.13417085225005718
169 1352 28.975298015063082 0 -1.09570963680744 3.141592653589793 134.3331783646733 0.0 0.7109972806841198
170 1360 70.27944237489264 0 -1.352360554039448 3.141592653589793 140.0 0.0 2.634778619670621
171 1368 191.03933112190526 0 105.4764777853666 0.17054797401482302 110.38826352977347 1.6609421688329546 0.0
172 1376 519.2987423096456 0 -2.826108317375126 3.141592653589793 110.0 0.0 2.841057727087543
173 1384 1411.600334761946 0 77.70460593372219 -3.141592653589793 110.0 23.65844203056424 0.0
174 1392 3837.1275390301025 0 55.40254587787696 -3.141592653589793 110.0 49.6403111342154 0.0
175 1400 10430.394062825302 0 230.6067866114594 -3.141592653589793 110.0 70.0 0.0
176 1408 16455.20505065556 0 207.6594964565359 -3.141592653589793 110.0 70.0 0.0
177 1416 18185.728231877572 0 123.3723438642399 -3.141592653589793 140.0 70.0 0.0
178 1424 16501.335926784926 0 136.42826675859263 -3.141592653589793 140.0 70.0 0.0
179 1432 13236.148656369121 0 162.58847142857417 -3.141592653589793 110.0 70.0 0.0
180 1440 10747.704179474265 0 43.36347912722651 -3.141592653589793 110.0 70.0 0.0
181 1448 10914.956396293554 0 129.9115937887639 -3.141592653589793 110.0 7.718337729182004 0.0
182 1456 9851.706009824655 0 99.31792067327447 -3.141592653589793 110.0 70.0 0.0
183 1464 9035.629031721604 0 50.34852552318689 -3.141592653589793 110.0 70.0 0.0
184 1472 7413.085898499507 0 157.57142541797901 -3.141592653589793 140.0 70.0 0.0
185 1480 6060.9699143499065 0 62.32577703066074 3.141592653589793 110.0 70.0 6.548724846713483
186 1488 4609.049206166843 0 75.20963980020686 -3.141592653589793 110.0 70.0 0.0
187 1496 3799.0773930054206 0 306.97145054430257 -3.141592653589793 110.0 70.0 0.0
188 1504 3281.971976517616 0 134.68374376515294 -3.141592653589793 140.0 70.0 0.0
189 1512 3047.8432856026475 0 71.19950901774828 -3.141592653589793 140.0 70.0 0.0
190 1520 3273.6330773520954 0 36.791893369828614 -3.141592653589793 110.0 70.0 0.0
191 1528 2694.472600474589 0 307.46456251627126 -3.141592653589793 110.0 70.0 0.0
192 1536 2357.0039590903434 0 148.714290755545 -3.141592653589793 110.0 70.0 0.0
193 1544 1846.4801434347953 0 90.06397981548142 -3.141592653589793 110.0 70.0 0.0
194 1552 2363.3167392180653 0 152.25995306140766 -3.141592653589793 140.0 70.0 0.0
195 1560 2214.0743970107224 0 147.68109813488041 -3.141592653589793 110.0 70.0 0.0
196 1568 2008.9163752563395 0 70.60830067890065 -3.141592653589793 110.0 70.0 0.0
197 1576 1736.5729422596432 0 43.40669513194939 -3.141592653589793 110.0 70.0 0.0
198 1584 1527.3338868639262 0 72.37632457343437 -3.141592653589793 140.0 70.0 0.0
199 1592 1141.0236931604034 0 139.5087543290795 -3.141592653589793 110.0 70.0 0.0
200 1600 897.3238720261977 0 86.95496445047601 -3.141592653589793 110.0 70.0 0.0
201 1608 1034.7685886025085 0 62.76418192470231 -3.141592653589793 110.0 70.0 0.0
202 1616 858.0354686086272 0 345.49955398164553 -3.141592653589793 110.0 70.0 0.0
203 1624 643.0479810064817 0 173.69686819898843 -3.141592653589793 110.0 70.0 0.0
204 1632 1006.8235555077891 0 74.7914602422959 3.141592653589793 110.0 70.0 6.924899728090962
205 1640 1674.0271157683792 0 213.2571489010827 3.141592653589793 110.0 61.78742516931631 15.9453598789265
206 1648 1517.6292837828112 0 101.498508350153 -3.141592653589793 110.0 70.0 0.0
207 1656 1213.669038800432 0 38.70399320170847 -3.141592653589793 110.0 70.0 0.0
208 1664 990.1007277174141 0 112.20591448378978 -3.141592653589793 110.0 70.0 0.0
209 1672 787.7664142323072 0 51.09867394585015 2.2419987070668146 110.0 70.0 0.0
210 1680 626.5807206600141 0 95.83007173214676 -3.141592653589793 110.0 70.0 0.0
211 1688 829.5456524900608 0 42.19681175441822 -3.141592653589793 140.0 70.0 0.0
212 1696 853.1052432465267 0 195.07854590393663 -3.141592653589793 110.0 70.0 0.0
213 1704 692.1155225094573 0 212.91769252035795 -3.141592653589793 126.1586892418425 70.0 0.0
214 1712 1171.633021963201 0 104.21610937709681 3.141592653589793 110.0 69.32248551354935 13.629258662146292
215 1720 998.9916442138496 0 325.26650313914394 -3.141592653589793 140.0 70.0 0.0
216 1728 791.8307215853495 0 43.045565017943474 -3.141592653589793 140.0 70.0 0.0
217 1736 842.187176911815 0 85.77700338208851 -3.141592653589793 113.66967365347082 70.0 0.0
218 1744 1044.9831197235249 0 67.79205272164809 -0.8181826773150114 140.0 54.46507521308762 11.758220741913966
219 1752 830.1374541230106 0 85.88469269397609 -3.141592653589793 110.0 70.0 0.0
220 1760 837.3942165410268 0 53.61868976795628 3.141592653589793 110.0 62.807079293867936 12.03902093745813
221 1768 1038.3875323070959 0 87.57783350995592 -3.141592653589793 140.0 70.0 0.0
222 1776 997.4374238793744 0 58.24106438925635 -3.141592653589793 110.0 70.0 0.0
223 1784 759.936866028889 0 129.87026598411137 -3.141592653589793 110.0 70.0 0.0
224 1792 766.3611826367749 0 122.33883378056154 3.141592653589793 110.0 63.573000481287856 17.2451957083099
225 1800 901.7346950368933 0 159.15187725204726 3.141592653589793 140.0 64.9968376414164 13.124169888320392
226 1808 1008.7301302050245 0 157.57739085573593 3.141592653589793 140.0 64.3829748729904 5.472109363730644
227 1816 1663.215892510896 0 74.89800837612918 -3.141592653589793 110.0 65.39741606592821 0.0
228 1824 1327.1813687570489 0 160.68888683019128 -3.141592653589793 140.0 70.0 0.0
229 1832 1348.7351412924156 0 103.5147587723613 3.141592653589793 140.0 70.0 0.0
230 1840 1687.4738181698353 0 168.73149332664428 3.141592653589793 110.0 66.24383202637677 17.51958552767629
231 1848 1614.5850099783702 0 31.05256999280389 -3.141592653589793 140.0 53.60720282923684 10.214781260838766
232 1856 1176.141090314277 0 191.586098650523 -3.141592653589793 110.0 70.0 0.0
233 1864 1281.728825665893 0 76.07183078113098 3.141592653589793 126.58261037191483 69.71330890188081 3.6702924734574904
234 1872 1334.437715683711 0 177.3900159992 -3.141592653589793 140.0 66.56543319933317 0.0
235 1880 1387.8948454678264 0 31.142157343062856 3.141592653589793 140.0 70.0 0.0
236 1888 1343.653722506144 0 126.02768919310854 -3.141592653589793 110.0 70.0 0.0
237 1896 1271.560684338384 0 148.90786044385106 -3.141592653589793 110.0 65.70637258087886 0.0
238 1904 1725.6810544061937 0 115.87025713261679 3.141592653589793 110.0 70.0 0.0
239 1912 1497.8691591103022 0 65.14653650509467 -3.141592653589793 140.0 70.0 0.0
240 1920 2565.0642259984297 0 61.69043129909477 3.141592653589793 110.0 70.0 15.26309348097074
241 1928 2108.7812655253656 0 68.77373750991495 -3.141592653589793 110.0 70.0 0.0
242 1936 1788.9200380726684 0 73.74367126808741 -3.141592653589793 140.0 70.0 0.0
243 1944 1324.5159421524456 0 102.61886179433199 -3.141592653589793 140.0 70.0 0.0
244 1952 1133.8471908782012 0 277.7778327160869 -3.141592653589793 140.0 70.0 0.0
245 1960 1024.131301290052 0 115.72602480883131 -3.141592653589793 110.0 70.0 0.0
246 1968 871.6787079721192 0 197.97783851263745 -3.141592653589793 140.0 70.0 0.0
247 1976 911.3920984064956 0 46.82597290987864 -3.141592653589793 110.0 70.0 0.0
248 1984 798.6707883217014 0 184.3386441971533 -3.141592653589793 110.0 70.0 0.0
249 1992 782.6050615031737 0 76.90405439870216 -3.141592653589793 110.0 70.0 0.0
250 2000 1020.1776899547881 0 30.176378544672254 -3.141592653589793 110.0 66.80116839260018 1.8795969461062052
251 2008 916.3027314363887 0 49.93361742818463 -3.141592653589793 110.0 70.0 0.0
252 2016 999.60761654352 0 396.1661240043481 3.141592653589793 140.0 64.020372768968 13.922813472174356
253 2024 737.6053716710965 0 44.25627747836699 -3.141592653589793 110.0 70.0 0.0
254 2032 613.5196279524537 0 109.84189810936907 -3.141592653589793 140.0 70.0 0.0
255 2040 527.1436753777708 0 198.08259413026053 -3.141592653589793 140.0 70.0 0.0
256 2048 430.2078814797095 0 151.36368479048483 -3.141592653589793 110.0 70.0 0.0
257 2056 545.7618612116732 0 55.90117833265954 -3.141592653589793 140.0 67.43142548753903 0.1980460809581701
258 2064 663.8234061740956 0 236.4098273601139 0.502945486224724 132.3680348258823 68.70585128361465 2.835391715937755
259 2072 535.7810157173119 0 57.488144976134215 -3.1159228501831744 110.0 70.0 0.0
260 2080 418.208295022034 0 61.61179286713255 -3.141592653589793 135.667713270032 70.0 0.0
261 2088 482.23394006345904 0 144.010317054516 0.6867197923483173 140.0 70.0 0.0
262 2096 584.8947582755696 0 139.09686795407083 -3.141592653589793 140.0 64.89440590258384 0.0
263 2104 495.96291054984357 0 37.40786740321412 -3.141592653589793 110.0 70.0 0.0
264 2112 577.000506065427 0 43.101497293986284 -3.141592653589793 140.0 70.0 0.0
265 2120 449.48231619975576 0 50.27336022920717 -3.141592653589793 140.0 70.0 0.0
266 2128 342.5274327892947 0 52.54724770213987 -3.141592653589793 140.0 70.0 0.0
267 2136 285.72083572229207 0 63.5439391009699 -3.141592653589793 110.0 70.0 0.08142717401270932
268 2144 262.8367650758018 0 82.18324393852797 -1.7702855317151187 113.50991884941291 70.0 0.0
269 2152 369.8125416235211 0 44.28793733893791 3.141592653589793 140.0 60.190690475714625 16.14990025821795
270 2160 276.6341698988223 0 117.11693296076855 -3.141592653589793 110.0 70.0 0.0
271 2168 392.1439127937293 0 75.29350805725801 3.141592653589793 110.0 64.05113374837468 16.328064352959835
272 2176 299.456695950805 0 78.33764905176562 -3.141592653589793 110.0 70.0 0.0
273 2184 290.39409503278193 0 32.59912005219377 3.141592653589793 140.0 64.43891804147638 11.45692034994793
274 2192 253.20474785319075 0 119.61796539578238 -3.141592653589793 110.0 70.0 0.0
275 2200 195.07529935543897 0 86.04177508880247 3.141592653589793 110.0 62.75356890096966 13.300975985647826
276 2208 190.08521679770942 0 37.567165364729725 -0.6466925751964174 110.0 70.0 1.5426188139911567
277 2216 160.28685225131926 0 79.32257970894375 -3.141592653589793 110.0 70.0 0.0
278 2224 133.54749402416826 0 57.338873874177416 -3.141592653589793 110.0 70.0 0.0
279 2232 116.74224127393491 0 51.521675644464125 -3.141592653589793 140.0 69.60432761379693 0.0
280 2240 94.59826916890758 0 47.80778190752402 -3.141592653589793 127.58736557088542 70.0 0.0
281 2248 127.76963268710459 0 48.21308916105916 2.588295195815895 110.0 68.25802445827213 4.867550797624336
282 2256 230.01480048745856 0 68.07684441263186 3.141592653589793 140.0 62.63860679671765 14.340095660634395
283 2264 280.3118765134534 0 38.83128987231969 3.141592653589793 140.0 60.702126122724536 13.953302228556817
284 2272 332.7308566130287 0 32.03164507606796 -3.141592653589793 110.0 70.0 0.0
285 2280 292.85609961494976 0 68.40378770721443 -3.141592653589793 110.0 70.0 0.0
286 2288 218.80905678330308 0 77.22379118073019 -3.141592653589793 140.0 70.0 0.0
287 2296 197.52618757549965 0 121.72220726539621 3.141592653589793 110.0 68.87642086663514 6.046934007738723
288 2304 199.8860253492456 0 37.289694019145315 -3.141592653589793 110.0 70.0 0.0
289 2312 261.4206567891598 0 82.008855181356 -3.141592653589793 140.0 68.71565683863281 0.0
290 2320 232.87993109405957 0 115.13390161155105 3.141592653589793 120.81748666229011 62.656359633139736 14.718181864496895
291 2328 219.21386032236583 0 34.34064583040781 3.141592653589793 110.0 65.94851915794096 8.554099506909846
292 2336 175.92441828826486 0 30.30144473753962 -3.141592653589793 110.0 70.0 0.0
293 2344 203.56728283714293 0 98.35885348633907 -3.141592653589793 110.0 70.0 0.0
294 2352 184.39242194860142 0 205.24772086946976 -3.141592653589793 140.0 70.0 0.0
295 2360 220.19858315602184 0 113.59005688927667 3.141592653589793 110.0 67.48117401294435 7.312006354381901
296 2368 234.67986858408915 0 59.406584069205536 3.141592653589793 140.0 63.51714277351662 12.048015197541993
297 2376 195.72639716770445 0 73.79260146692043 -3.141592653589793 110.0 70.0 0.0
298 2384 255.41753984617623 0 132.50638941131018 0.1856950464428304 140.0 69.02290503407329 1.556921294434248
299 2392 235.9863602491396 0 55.966403144129266 3.141592653589793 140.0 62.44441652411588 13.814218023468834
300 2400 235.83690653110094 0 36.72981198677279 3.141592653589793 110.0 69.28987262162264 7.676169009952773
301 2408 194.06185093609307 0 31.82529606811457 -3.141592653589793 140.0 70.0 0.0
302 2416 160.83278734224214 0 123.76215170323609 -1.3965588021423143 140.0 66.37455240228715 4.248177173974293
303 2424 156.8398112082571 0 70.07594709613402 3.141592653589793 110.0 60.8677043274492 16.798377064583804
304 2432 170.33320392632928 0 90.57299411717526 -3.141592653589793 110.0 70.0 0.0
305 2440 160.15541914094763 0 58.7794165471795 3.141592653589793 130.42958355946072 64.21046023229968 9.3786938968262
306 2448 161.6166141240643 0 32.72440169624861 -3.141592653589793 135.4448768613573 70.0 0.0
307 2456 148.48061924347442 0 121.24899126164031 -3.141592653589793 115.53532386390549 70.0 0.0
308 2464 142.0412720510021 0 31.221715835226913 3.141592653589793 140.0 62.20457151833134 15.239068461103537
309 2472 118.13179468697524 0 94.29960482361285 -3.141592653589793 110.0 70.0 0.0
310 2480 165.6591780714311 0 53.197458306625364 3.141592653589793 110.0 63.936102056435494 12.382187586657416
311 2488 160.28295917587096 0 41.704543211101544 -3.141592653589793 110.0 70.0 0.0
312 2496 181.60942445489434 0 70.6517441161995 -3.141592653589793 138.52265489482141 69.1774873808187 0.17276545331230198
313 2504 139.63279311441943 0 48.932557576702024 -3.141592653589793 110.0 70.0 0.0
314 2512 117.32392995200857 0 126.1398950880545 -3.141592653589793 110.0 70.0 0.0
315 2520 121.30316106365348 0 162.16337090506968 3.141592653589793 140.0 64.88231078844721 8.46023039447664
316 2528 222.39690428179173 0 52.64015300216198 3.141592653589793 140.0 63.11036379479858 11.647975474516967
317 2536 191.65004306121762 0 190.4375138144281 -3.141592653589793 140.0 68.524176075935 2.2178154309353078
318 2544 177.14266864522986 0 34.88059204036162 -3.141592653589793 110.0 70.0 0.0
319 2552 174.21585071112352 0 56.63488340559776 -0.8251460237159103 110.0 69.92640794793842 2.4247575827317895
320 2560 150.27355349817992 0 73.9239299176079 -3.141592653589793 110.0 70.0 0.0
321 2568 166.6590169428515 0 125.05236079649657 3.141592653589793 125.5816602240292 60.0295097783432 18.974340122675194
322 2576 141.42432571375807 0 93.81308428367466 -3.141592653589793 140.0 70.0 0.0
323 2584 115.64170591648025 0 100.78752974837597 -3.141592653589793 110.0 70.0 0.0
324 2592 104.618307702444 0 98.7150053188769 -3.141592653589793 140.0 70.0 0.0
325 2600 112.40064405075339 0 54.76238844857524 -3.141592653589793 115.80238235990961 70.0 0.0
326 2608 124.59294129574909 0 110.15528342532882 -0.9308385706450384 140.0 68.22348149095666 2.1458111473638803
327 2616 104.52104511247225 0 70.219446610807 -3.141592653589793 110.0 70.0 0.0
328 2624 98.97961115349725 0 118.85382299062012 -3.141592653589793 110.0 70.0 0.0
329 2632 85.48483900869897 0 155.52708558470843 -3.141592653589793 110.0 70.0 0.0
330 2640 69.12477477540588 0 114.05341630487966 -3.141592653589793 114.95611286405283 70.0 0.0
331 2648 65.12532805951282 0 107.23098878689215 2.6133024556278044 110.0 66.92429878852408 5.940046445995282
332 2656 89.6392720507792 0 55.19149197248666 3.141592653589793 110.0 66.03063257748546 7.358020508868597
333 2664 135.2754427077995 0 180.1115444512009 -0.9239681877370327 110.0 68.22571631929962 3.208636991403227
334 2672 129.30723728973058 0 73.19337023997242 2.248448134514731 140.0 64.78540481937196 7.337164654050536
335 2680 167.46676496794092 0 63.624227192662616 2.290844959062601 140.0 65.62469375323813 6.316693827770429
336 2688 143.11418378363723 0 44.240609241348125 -3.141592653589793 140.0 70.0 0.0
337 2696 161.2995449871419 0 54.97370079632749 -3.141592653589793 110.0 70.0 0.0
338 2704 187.24258853583947 0 86.04248028122075 -3.141592653589793 140.0 69.31511670512195 0.0
339 2712 151.02352338055206 0 101.3914143461941 -3.141592653589793 110.0 69.94491291240202 0.3627316282635386
340 2720 174.53357355387962 0 50.53520457820461 3.141592653589793 110.0 68.11380469014716 5.961124157094789
341 2728 204.17566722159353 0 40.93569297620494 3.141592653589793 140.0 64.91583440080153 11.226734035811544
342 2736 290.99270150744223 0 31.573602294971746 3.141592653589793 140.0 62.071877762336754 14.459689052671123
343 2744 242.889391648836 0 106.56667344896626 -3.141592653589793 110.0 70.0 0.0
344 2752 268.3540950631065 0 77.52356497125103 3.141592653589793 110.0 62.234475892515725 15.27106824553401
345 2760 263.3426589353207 0 46.3389113229353 -3.141592653589793 110.0 70.0 0.0
346 2768 279.8104035306642 0 45.74162053066355 3.141592653589793 140.0 63.24811831356712 14.252836069950565
347 2776 274.8171979396938 0 50.114375910387466 -3.141592653589793 140.0 69.81791523192358 0.0
348 2784 259.42656378677634 0 60.146177804172105 3.141592653589793 131.76565672197404 58.12730929330169 18.889711735410426
349 2792 243.53879261853774 0 328.79863618713705 -3.141592653589793 110.0 70.0 0.0
350 2800 222.0172442814663 0 48.43487220160564 -3.141592653589793 140.0 70.0 0.0
351 2808 178.54811805226714 0 255.4840999020592 -3.141592653589793 110.0 70.0 0.0
352 2816 181.34596558811435 0 135.59897601218972 3.141592653589793 140.0 60.15394221662772 18.760709091051883
353 2824 249.744017689253 0 47.53866332182491 3.141592653589793 140.0 64.20749427292965 9.511120917259005
354 2832 226.6276165779536 0 31.099254221931133 0.34816808222045026 140.0 65.39994959993648 5.476116597970111
355 2840 204.0303678810462 0 36.513250792941896 -3.141592653589793 110.0 70.0 0.0
356 2848 174.36574151422008 0 164.55133772908832 -3.141592653589793 110.0 70.0 0.0
357 2856 141.90407916875805 0 102.81347027646966 -3.141592653589793 110.0 70.0 0.0
358 2864 121.00109219397189 0 57.39509933507631 -0.8893767320349948 140.0 67.94976968340404 2.4774767542211515
359 2872 141.88419592973318 0 40.8629442311954 -3.141592653589793 133.2737940612764 69.4686746563104 0.05792316225882388
360 2880 158.7666671542705 0 168.06805433708396 3.141592653589793 140.0 65.03518093446708 7.839851297810441
361 2888 148.29519677638004 0 202.5344076335046 -2.172184023880382 133.52238870173383 67.63985329414395 2.18079123594916
362 2896 134.14737031208466 0 30.152781880612814 -3.141592653589793 110.0 70.0 0.0
363 2904 115.87186719932481 0 187.08292171119288 2.3432737021460692 140.0 64.69439595435078 6.963663467948779
364 2912 116.7195428004757 0 45.43976367957687 -3.141592653589793 110.0 70.0 0.0
365 2920 101.08202860128903 0 68.47107254449956 -3.141592653589793 110.0 69.95314750700905 0.12669316530369545
366 2928 102.60558111913718 0 60.1040909578235 -3.141592653589793 140.0 70.0 0.0
367 2936 88.02083406784888 0 51.36830407795196 -3.141592653589793 110.0 70.0 0.0
368 2944 79.64889093710752 0 40.836697602543694 -3.141592653589793 115.77420732491322 70.0 0.0
369 2952 73.3882357062187 0 36.12355606173749 -1.3955000656619365 125.87556500623862 69.13469299985175 1.6146335471019755
370 2960 61.58580224533899 0 58.72193097806617 -2.0004273723321675 140.0 68.99788304188432 1.1850564392597316
371 2968 45.998009286376835 0 97.81313091645454 -3.141592653589793 129.84587291998238 70.0 0.0
372 2976 47.40628861045337 0 30.825914997091534 -0.8835322418225482 136.52113330247107 68.5885552440502 2.292131945599951
373 2984 59.138611325731375 0 195.33650251594693 -3.141592653589793 117.01385248832507 69.71394133009511 0.06815054213573823
374 2992 56.51981063107894 0 135.95152083870204 -0.3244066022495389 110.0 68.37965996446779 3.0126709252467707
375 3000 53.026083260204906 0 35.55147966949278 -2.694983649188521 110.0 69.5252143292803 0.6424461434316506
376 3008 66.65631725203298 0 164.78952135183508 2.051115525998079 110.0 66.82618693828867 5.598559887035252
377 3016 76.63512595721438 0 80.65064785630494 2.410600967856446 110.0 66.76021064865235 5.959374792155331
378 3024 96.90473996452675 0 32.616332000787395 1.8815409259556588 131.20617558729555 66.78599582996353 5.443258047557427
379 3032 96.98915113256015 0 177.03411109049537 -0.275809223588253 140.0 67.60074031918704 3.1758182536935333
380 3040 97.14501412834707 0 139.23447807773448 -3.141592653589793 110.0 70.0 0.0
381 3048 99.71492336646392 0 46.43823563600179 -3.141592653589793 110.0 70.0 0.0
382 3056 96.88924836082701 0 132.41816446177296 -3.141592653589793 121.69727901189749 70.0 0.0
383 3064 83.21861892662281 0 103.94567016116932 -3.141592653589793 110.0 70.0 0.0
384 3072 98.9551320913339 0 64.3055350055166 3.141592653589793 126.18451505757304 65.86490435714984 7.410195599670734
385 3080 109.54587230215284 0 146.10229131058952 -2.4844623846272462 140.0 69.07501231254787 1.0658085328581102
386 3088 88.00666337222107 0 54.88147658924979 -3.141592653589793 111.08304806726625 70.0 0.0
387 3096 105.02889477854424 0 30.310279864834616 3.141592653589793 140.0 63.58850003595566 11.538324912177046
388 3104 138.00160860936253 0 63.57751597131875 -2.399597436765717 140.0 68.61427785977361 1.762257180746665
389 3112 126.93210387162402 0 50.77591061273412 -3.141592653589793 140.0 70.0 0.0
390 3120 129.3079873446828 0 46.95960518468803 -3.141592653589793 110.0 70.0 0.0
391 3128 106.94235100110022 0 86.28618527615885 -3.141592653589793 110.0 70.0 0.0
392 3136 109.30559372042919 0 33.12453360334234 -2.7690618412359593 110.0 69.67125246799573 0.945373583765738
393 3144 92.77456194406828 0 37.66587080287727 -0.4835394447025654 140.0 68.28434595735841 3.0619404693199614
394 3152 95.50212901815232 0 70.08806908060768 -3.141592653589793 127.75201173173691 70.0 0.0
395 3160 89.65563661263263 0 37.30716568884429 -3.141592653589793 140.0 70.0 0.0
396 3168 90.43422373109146 0 71.1297601634901 -3.141592653589793 140.0 69.9475453926721 0.0
397 3176 73.89084203567126 0 172.45884434426344 -3.141592653589793 140.0 70.0 0.0
398 3184 68.78183294633777 0 53.75038550682178 -3.141592653589793 121.8968596584148 70.0 0.0
399 3192 72.01560230768354 0 199.43778266662298 -3.141592653589793 117.00551224187076 70.0 0.0
400 3200 63.84107076454488 0 30.992425183091957 -3.141592653589793 110.0 70.0 0.0
401 3208 66.0518962042187 0 171.43501995595966 -0.8869156680176786 140.0 68.53780388892415 2.3468060603081495
402 3216 55.609479961733236 0 72.7271660715384 1.2346533494733514 116.67293703609371 67.58661058103996 4.555116028877841
403 3224 48.519624989534364 0 121.46941201304305 0.6189435712838349 140.0 67.6553250971671 3.9920561217224106
404 3232 46.8086068589122 0 59.54452151885468 1.2237872102259095 127.05407610304384 67.52298727160081 4.551423649572428
405 3240 43.28316920421008 0 72.49886154856641 -2.228661361259889 124.17372306803979 69.36124399313157 1.099866505109361
406 3248 39.041417227392195 0 58.579569685401374 2.2231537827044425 135.323809530338 66.98173317533744 5.531606869066131
407 3256 39.07328351630787 0 45.1481076863858 1.278954431861021 123.80624179975078 67.63566189171549 4.477368404550966
408 3264 35.91229871761465 0 30.39148788749684 -1.63018715508016 117.0439681931587 69.22537164385906 1.5514626859485359
409 3272 33.27507285826871 0 56.0971639125826 0.7249106791996973 134.40534649220913 67.72033508204528 4.0370940451530535
410 3280 35.57443175026466 0 87.86044178140726 2.5757034065849966 137.74572274028512 66.74302730857178 5.859280857347959
411 3288 29.506034954626482 0 163.9572478849783 1.5506884047879106 134.41041451868068 67.34030342576023 4.827779271870116
412 3296 33.98800629237189 0 46.65838166867219 2.2953330159080565 140.0 66.83875035532927 5.584700289242835
413 3304 38.699950049204084 0 74.44690542708551 1.8579956946416085 140.0 67.03519172763801 5.149555943668161
414 3312 36.79125650194546 0 65.77094273611966 1.5299696335288788 140.0 67.24086045594373 4.814005544797346
415 3320 39.62009561886824 0 79.67288480447584 -3.141592653589793 118.5690714107072 70.0 0.0
416 3328 40.951551771826466 0 126.7813430037233 -0.08115105318752303 140.0 68.23282017504391 3.082603577265542
417 3336 40.11105874221198 0 81.34762090451696 -2.1727353484366496 138.13050878401393 69.39227938538042 0.9312250382135758
418 3344 48.5158231251483 0 42.73471895409433 -1.668790619226885 131.89454549642474 69.23399390593718 1.42593052703823
419 3352 46.82172388550883 0 132.49582124422727 -2.9661404824799735 131.19514217044357 70.0 0.0
420 3360 53.97620123712331 0 100.9688607813779 -3.141592653589793 110.0 70.0 0.0
421 3368 44.71943890709083 0 122.98774310318709 -3.141592653589793 121.32933404974314 70.0 0.0
422 3376 38.16299778806709 0 106.31946948983683 -3.141592653589793 131.73875700603804 69.91717904430712 0.0
423 3384 38.92385207593919 0 49.67981966702695 -3.141592653589793 110.0 70.0 0.0
424 3392 40.51262511648126 0 36.981288663709684 -3.141592653589793 110.0 70.0 0.0
425 3400 34.090925027212506 0 46.16961687376272 -3.141592653589793 111.62925942288311 70.0 0.0
426 3408 33.781218655969695 0 198.64089696250537 -3.141592653589793 124.13672455924161 70.0 0.0
427 3416 27.671767208664306 0 82.99499665631679 -3.141592653589793 120.11986499116874 70.0 0.0
428 3424 24.816114116359174 0 32.8115128399774 -2.4444048822644784 120.14201162897604 69.57072284221552 0.739869631657743
429 3432 22.78707162702563 0 94.12851914040162 -3.087823190663836 114.91825359369106 69.97754196433016 0.040609278397839677
430 3440 22.64337439601248 0 68.40994345864078 -1.550353457722522 118.57258180535838 69.14343417545585 1.594445529155663
431 3448 20.632696221153633 0 98.91731421256496 -3.141592653589793 118.0139476492461 70.0 0.0
432 3456 18.54070237723516 0 45.879591538698016 -1.6930550640595188 125.51977560255716 69.1919323414396 1.451654982226587
433 3464 17.11070434899796 0 108.71877537610287 -1.2357213294763645 120.28306662797611 68.95006890982015 1.9275595239002097
434 3472 13.933668680922526 0 67.11187194959675 -1.6827117131459144 120.70022071848517 69.17863488895497 1.48427653713808
435 3480 15.643648320212078 0 35.860163506314336 -0.5832596430461868 126.47617943235869 68.5747759547405 2.5752783220264233
436 3488 14.362275300673149 0 42.38407242942725 -0.35756343895484416 125.93791232954734 68.44884926926599 2.8050989008336504
437 3496 12.047164283207179 0 42.34172230227867 -1.2715505825076696 123.35253332438663 68.958345696579 1.8800376219116588
438 3504 13.189634194747384 0 42.71508434045778 -2.1408917832392356 120.34563088137712 69.4702527475642 0.9825905233245003
439 3512 15.526575334070532 0 162.32638119988118 -3.141592653589793 115.95748800896045 70.0 0.0
440 3520 14.7293893555427 0 118.31291908786442 -1.4143058927958 121.2586221930492 69.06224075440146 1.7242205465750207
441 3528 12.091900716636873 0 32.62656154750558 -1.9455552531085332 119.13590530306111 69.35131154391561 1.1917512692949557
442 3536 10.424310608672437 0 44.49031647754653 -1.5428269269017085 120.97891996074291 69.12415606213742 1.5947086004336715
443 3544 10.191531524293433 0 67.47435629947654 -0.5177496721306791 125.32580343086664 68.54704913262904 2.6311093500662857
444 3552 8.761472231056961 0 91.30496826821043 -1.4812036135543054 121.75892697487733 69.08473832233871 1.6605049813468937
445 3560 8.904042150622471 0 124.53829257659908 -0.5743578775025235 126.17926463803414 68.57111512994923 2.5764320643777108
446 3568 10.173782924246384 0 35.27042020121983 -0.6072920105799884 126.75358257751529 68.5760695356218 2.548872190354001
447 3576 11.205516195441135 0 51.294257639242794 -0.11919179323026297 128.75713053222168 68.30831512068288 3.043426136748618
448 3584 12.110821986014235 0 109.78878887102695 -0.03757603397070641 128.59966928452363 68.25377269071026 3.128217995981505
449 3592 9.581503967227562 0 36.22867438784838 -0.042600848070093414 129.58831568872733 68.25443564231962 3.1262919152430846
450 3600 8.575847301780305 0 63.928238045024024 -0.38549077147425165 127.8055726779864 68.44386126692115 2.7817637394578254
451 3608 7.8325664293525525 0 30.004100425005888 -1.2317318106492348 123.58347961370283 68.9420416051269 1.915780018501165
452 3616 7.485850648183272 0 35.71326059676764 -0.900366412026322 124.62080648543642 68.75483727587677 2.2534345181734787
453 3624 7.757393002392448 0 132.78786489171176 -1.4913620870555566 122.03098709540753 69.09775245817542 1.649903754381194
454 3632 6.992656729897173 0 92.4222012361737 -1.074476098036524 124.08577883368207 68.85222607981298 2.076808138564789
455 3640 5.841253723020905 0 34.28931259487614 -0.9503874361535379 124.43218165375924 68.78222490049158 2.204033669215125
456 3648 5.318128366395919 0 119.71780657432403 -1.148608491976367 123.84249687140648 68.89287437133926 2.0040381664160782
457 3656 5.814450647495159 0 35.88835040835629 -1.141304134825595 123.60089380301633 68.89465736674248 2.00697616133219
458 3664 7.6251250809881235 0 79.16685924179785 -0.8645055373390191 125.14081865873467 68.74210784061277 2.2814176179732257
459 3672 11.277879151337176 0 176.79173942560516 -1.05862996211657 124.89744823285017 68.85425036059532 2.078639813087392
460 3680 11.481014032390078 0 49.32749044860802 -0.58686330055309 126.9057428702108 68.57824588798998 2.562725185913323
461 3688 12.496938615429503 0 140.2099359986073 -0.5795716227848847 126.73066524184557 68.59251511767636 2.558865362302207
462 3696 12.00601899842413 0 57.67343961745819 -0.9413734877532414 125.24513245194035 68.78993020041398 2.197035260135539
463 3704 10.478326163767356 0 46.86745519739154 -0.28350909841043415 127.82655854179559 68.41399014793646 2.866281124918735
464 3712 10.649367142734675 0 106.34326005322434 -1.6720909036960943 121.85278884368721 69.20348349629698 1.4579401739092814
465 3720 10.061750734244063 0 49.658089870092546 -1.5045595228675035 122.31005430528312 69.11483537281522 1.6252347742323108
466 3728 10.499100333362476 0 87.89662584556855 -1.3092687794113842 122.55441435852136 69.00095452305546 1.8300735554244798
467 3736 9.887671799563792 0 38.970958750969125 -0.6900456173689302 126.09299024081422 68.64378385205423 2.4583660276764796
468 3744 8.984553560187244 0 46.59736948170038 -1.9226220328828358 120.43076096987356 69.34647700231903 1.2061377469817867
469 3752 8.906543366580626 0 101.76589016934517 -1.56235890420418 121.6600708802457 69.14463587774306 1.5721526499107499
470 3760 9.20031849173712 0 115.03203135359615 -1.9948824853937575 120.0160940526385 69.38521934066821 1.1381088001246136
471 3768 8.336540361431023 0 112.98580078967674 -1.2845291633875955 122.97806560883258 68.98088720816148 1.8589650374088775
472 3776 10.755321640515149 0 32.804768714112996 -1.9375993044668895 120.43568148811535 69.33888888084634 1.2041829981601635
473 3784 11.53909373813826 0 118.37617353030423 -2.5116693570788438 117.82178240710167 69.67227225775353 0.6170794827889645
474 3792 12.462902589152097 0 54.43377829842259 -1.1576331228653527 124.4453082963696 68.8902876813345 1.9995615529924278
475 3800 11.761824441533484 0 73.5608289955569 -1.6186001214531704 122.32643220648606 69.15413257370277 1.5289022320978591
476 3808 12.975448280475462 0 41.40789297923826 -2.2435251947875314 119.56654257153873 69.50998092541425 0.8907326450612669
477 3816 13.432683673051656 0 66.07891955617619 -1.343185263349092 123.52762227241261 68.99093919670722 1.81236751397573
478 3824 15.066200436784003 0 132.20845417901927 -2.629508999510836 117.0695604881217 69.73178670716489 0.5023664319263734
479 3832 14.718927837534915 0 45.56541360461469 -2.6420203379713696 116.69436548798298 69.74521062088631 0.48640906926474614
480 3840 13.284991421476533 0 56.05531571070097 -2.2750078981485515 118.8696664983758 69.52373814701502 0.8655024892999428
481 3848 15.072339669776348 0 235.984831427838 -0.7269056343528935 126.04835132690428 68.63997578603431 2.4391213609847116
482 3856 17.470093580492605 0 144.9153991479862 -0.4568158925492405 127.90943865751242 68.47332274077758 2.719070657817915
483 3864 17.99369115145334 0 49.64563280798573 0.4995717641817041 131.96161895612693 67.934810249161 3.68607317071838
484 3872 17.19120650226484 0 58.44611568547142 -0.9544014476636882 125.48486414377503 68.7480466720726 2.2181373694982067
485 3880 15.783239512054273 0 54.392145990452946 -0.04361246196674773 129.888969378258 68.23195551271785 3.140455976142311
486 3888 15.98526569941611 0 33.56978706449584 0.2122516607354844 130.27973401700197 68.09615075411202 3.400484757406057
487 3896 16.346937747198957 0 74.67315460480839 -0.29446261507245564 128.6458170131511 68.37183276300055 2.888795922903642
488 3904 15.874825539320161 0 42.75305797277612 0.0650570330701105 129.94419660541516 68.16793623835515 3.254911695146447
489 3912 13.93037131051445 0 64.87111645227702 -0.018322978241647442 129.30332595373497 68.22683405242465 3.1638761307226955
490 3920 12.845688517440358 0 31.900355011487992 0.04077683615653207 129.89216543947424 68.17735293672958 3.231125592947945
491 3928 11.374644782169204 0 43.12195569543193 -0.30113340213822204 128.40667301646164 68.37320126417669 2.8825797851175343
492 3936 11.021018599391542 0 44.006376620668036 -0.7177433881307416 126.46989748341667 68.6139344760043 2.459740046457478
493 3944 10.791679134498246 0 35.26147262815444 0.3052898360072319 131.13391924127717 68.02589436635427 3.5018783916013367
494 3952 10.43420141977718 0 117.7378275242021 -0.4140800713091441 127.71246807655693 68.4337574304555 2.7735496921798806
495 3960 9.77414331064577 0 88.51557106276528 0.20605646943339329 130.75148292198932 68.08318930192587 3.401450157829703
496 3968 7.821222093834348 0 67.76028999565676 0.41900062621289635 131.50652255859427 67.9669265027627 3.614915048514664
497 3976 7.938787497887357 0 82.24501106265743 -0.06344063567373714 129.4870776830972 68.23942199980203 3.125347388014388
498 3984 7.276897779646666 0 125.15765049971981 -0.0840974365944876 129.15064591632876 68.25466333082373 3.1028016752089718
499 3992 7.0409596312848395 0 227.590591821701 0.22097746360627069 130.50472295045756 68.07537263133835 3.4162879247180675
500 4000 7.229439427705863 0 41.93060647037325 -0.13672954206238483 129.04382303088013 68.27713167091825 3.052193984825937
501 4008 7.151682667179374 0 74.0360891104601 -0.3616518725712444 128.04325897905272 68.4094296623667 2.821100640610488
502 4016 8.424869015016725 0 201.87684411353365 -0.453606837692933 127.7327728352534 68.45536330342763 2.7312093235120476
503 4024 9.306500729283158 0 75.86467037230437 -0.7614004441574098 126.38920372566514 68.63184645994183 2.4175292143739826
504 4032 9.018127631131694 0 73.39990589682307 -0.6837997616762652 126.92294250525069 68.58068719481491 2.4996033992531133
505 4040 7.9942961211001204 0 120.72917185634688 -0.9100077794212258 125.71270862340504 68.71667611687747 2.265743340592452
506 4048 7.056622825569389 0 42.48428879678825 -1.0185041415484128 125.26229804786723 68.77869767598955 2.155766422591919
507 4056 6.048519789601839 0 104.40983423872405 -0.5998478375648091 127.09379884495107 68.54247637359526 2.580197360714635
508 4064 5.830388350384968 0 76.47581111842271 -0.7793226466469296 126.46147183332232 68.64360678041139 2.3978702451916156
509 4072 5.174890807994577 0 78.43837385516007 -0.8660706975700382 126.13833125374317 68.69104497458025 2.310398202265472
510 4080 4.951535236759422 0 34.70957375896946 -0.7954468068011638 126.35994505423511 68.65079152953086 2.382766446009284
511 4088 4.926218689887488 0 62.19836768929923 -0.8677444185620944 126.01520531109512 68.69248012860822 2.3092837894127722
512 4096 4.671697571962886 0 32.20741464603745 -0.9484378438104961 125.58502712674455 68.73908982329266 2.2265305674038656
513 4104 4.102038557306257 0 69.1305973292148 -0.774790448735806 126.38966335873589 68.63876905543265 2.4037757871038377
514 4112 4.168746805501655 0 151.28618138095058 -0.9689523072094415 125.61250256728165 68.74700429202807 2.2072516091840173
515 4120 5.156352740470011 0 68.42898458597372 -0.514605441162088 127.59511155327874 68.48951392977874 2.66951866700669
516 4128 5.997811908896453 0 61.72752386999075 -0.24470511277070373 128.75233900640504 68.33645117626949 2.943821724222219
517 4136 5.57120563699109 0 40.80476346636001 -0.8439508937492572 126.04642871046505 68.67959141200762 2.333360948153872
518 4144 5.342018225645964 0 55.75123913224156 -0.8555654960474237 126.00277794868538 68.68527715191685 2.3214822174693595
519 4152 5.77651079242184 0 188.5578290080796 -0.3291917578281005 128.2810384944792 68.38714581019909 2.856873422621346
520 4160 5.636293349284395 0 153.4512895904345 -0.159459673902549 129.03730958872876 68.2894544337863 3.029987087917321
521 4168 6.289152803870316 0 104.64065922854812 -0.19485911101718806 128.8847205848484 68.30901656066698 2.994659727476443
522 4176 5.846217344269842 0 81.11244163986981 -0.17344586211307872 128.90891909008772 68.2984618313714 3.015785048335235
523 4184 5.941391890915065 0 93.94152445405511 -0.7209871429173372 126.52565418930864 68.60933153143128 2.458334209121201
524 4192 6.9060902030784455 0 82.42034869299118 -0.9292555214685629 125.53652004631107 68.73012504417481 2.2456945027464363
525 4200 8.376198304951926 0 42.313717299912255 -0.29790710037501966 128.21877386294022 68.37205388886454 2.887960612665145
526 4208 8.770440321110444 0 160.499027215816 0.2944448550512051 130.86020479518484 68.03459594106074 3.491071546355631
527 4216 9.345636305643785 0 58.48414067511625 -0.4096856450468983 127.78046846674046 68.43608979732039 2.7737077903654144
528 4224 8.394574621950634 0 32.47075067926751 0.8310923427139961 133.23376363224097 67.7293841726636 4.037035974511329
529 4232 8.89550615235947 0 100.11707550860835 -0.9546242164370863 125.28756476075877 68.7481618401147 2.218983928350951
530 4240 8.45897717848476 0 32.693814463640145 -0.9430162505018673 125.42914688870532 68.74182484226345 2.2301650528371013
531 4248 6.917024528034855 0 58.36650858530191 -1.2555949729183924 124.0079843503971 68.91975640772219 1.9121167279226188
532 4256 5.8289799544017065 0 74.98756208360999 -0.31655741181266794 128.25317939156514 68.38194844220357 2.8690853717909253
533 4264 5.052886594764404 0 79.26145252128939 -0.5219347592715406 127.25713798649252 68.50115097396422 2.659065559914432
534 4272 5.6743585199682185 0 36.01812380188977 -0.586398332931304 127.12844904241634 68.53450487090873 2.5947370360804287
535 4280 5.754786802550553 0 57.17579892978616 0.4054975543868453 131.44798508537545 67.97030817132263 3.604170487064013
536 4288 5.907029106567029 0 52.083372343259285 -0.1556237694057405 128.96906316567964 68.29085426974167 3.032661146661406
537 4296 6.243278478083239 0 36.92823418650522 1.2225611262468408 135.10460711341133 67.50418011247682 4.436216775942032
538 4304 6.645638681701441 0 30.31044984371119 0.29628529455849983 130.94741868841294 68.03337228526753 3.4925376400843926
539 4312 6.1074855527509175 0 122.45677228030777 1.0480481336271428 134.27858695298156 67.60548914192299 4.2576971694648424
540 4320 6.959856181411984 0 76.8290940592704 1.0942976958166513 134.42250689124077 67.58098403472763 4.303900278600175
541 4328 7.7240117002574395 0 50.808420252326464 1.6744355129547617 137.04233753371943 67.24914716305533 4.895239773108477
542 4336 9.968797608720177 0 62.8654478832 3.141592653589793 140.0 66.36197215323423 6.4784779463460564
543 4344 12.147204653778244 0 113.03537953671663 2.3716369693128305 140.0 66.85155342862488 5.605860149757348
544 4352 11.472017168848222 0 83.57934261525577 0.26808208450608584 130.75237971688637 68.05065213316571 3.4640893294045476
545 4360 12.010260810275891 0 31.980978091265936 2.7183655044273083 140.0 66.65436323206714 5.958862624490715
546 4368 10.526786172729809 0 54.32475222595197 0.5806472008547868 132.18577311211874 67.87064075873556 3.782957244683602
547 4376 9.251140498962677 0 45.527644770725004 -0.24198875414797183 128.51049996163903 68.33975896013143 2.9454950511019056
548 4384 7.984040792295648 0 38.08753491559275 1.010306059344979 134.12755586054942 67.62477842731866 4.220856859529083
549 4392 7.125646471985551 0 64.79218817004386 -0.5827456852504824 127.08199339895296 68.53279008559052 2.598658173740743
550 4400 6.06672884309985 0 56.36380761144084 -0.38156263846143545 127.94754545515954 68.41785805471949 2.8035839713051485
551 4408 7.93207368856433 0 66.74013156841218 1.008259605768888 134.1089634086718 67.62720465173689 4.217765593344822
552 4416 8.962312932912365 0 71.95746001688664 1.1857313088300783 134.87496586737026 67.52510105336428 4.399068847590432
553 4424 8.356892983422544 0 36.67400198682946 1.3310661358315696 135.5215813507078 67.44392603019166 4.546174124821286
554 4432 7.949517450119226 0 31.997073481940394 0.27274928217228545 130.91937916134032 68.04446110399098 3.4698151369225725
555 4440 7.279972712353036 0 47.86092187893742 1.35924934092961 135.70281212379783 67.42647166054597 4.575491841788391
556 4448 6.5035008926044835 0 136.58295049549267 1.4375739102973537 136.07106921492704 67.38157648307109 4.655343126353673
557 4456 6.187840567850828 0 99.59240121105468 0.534756922599332 132.06094962697674 67.8958454313652 3.7361946158002635
558 4464 7.351153075119487 0 100.66704106220868 1.0601548050433292 134.38910486904558 67.59684854854834 4.270847810969561
559 4472 9.141575028389042 0 41.72267939019985 -0.9171225886770101 125.7233473484911 68.72207365253851 2.258569659120756
560 4480 10.586361490047437 0 51.87812178265895 0.6619726794752219 132.70951722564826 67.82221717822584 3.866144787800584
561 4488 10.805520487963566 0 39.928416382082005 2.4207713711716305 140.0 66.82217570542241 5.655683067594883
562 4496 10.018613115485872 0 52.881163558538006 0.607186595618991 132.4001447802043 67.85276441662765 3.8108054370645394
563 4504 10.07018477761073 0 47.80779553600356 -0.17831582973953142 129.01392275581998 68.29770965353639 3.01243106470949
564 4512 11.363880581594922 0 130.91090649850258 -2.083667425502257 120.59610164697374 69.38467340657871 1.0722205525963857
565 4520 10.397252061627563 0 63.44283348558615 -1.3948623987253317 123.62924689282026 68.99318536213951 1.7730114359478906
566 4528 9.815321986019683 0 157.3101769157094 -2.1007063925367317 120.55719647260591 69.39545994153416 1.0540181598128069
567 4536 8.546164513351481 0 58.32453198898962 -1.8477260842612613 121.63677866742609 69.25130277356276 1.3116592998666299
568 4544 8.459832556751946 0 45.13806244837497 -1.4338183438178778 123.45683451778874 69.01599606267189 1.7327354427131447
569 4552 9.40079159196082 0 67.90277227186945 -2.148612499269904 120.37852829962891 69.42240035258891 1.0053442535011432
570 4560 10.81078387915086 0 86.87787606018085 -2.6337465508395956 118.26256078825293 69.69767592169558 0.5122740690929157
571 4568 10.36180233051759 0 103.97036690627256 -2.340208199764605 119.5548280896832 69.53172727865778 0.8103965908026262
572 4576 9.433808528046391 0 49.83294674693585 -0.7245487857968522 126.58498913423298 68.61198140210533 2.454893500105102
573 4584 13.316478114141235 0 38.64849386698582 -0.6479323655810462 126.93062314492107 68.57023559302021 2.5319655633150684
574 4592 13.475456915990502 0 38.11034024345262 -2.8761925218632913 117.16011166675709 69.83750614765964 0.2648016740914443
575 4600 11.544282681090397 0 132.54245479287948 -1.8181498420348055 121.8252942108724 69.23589068416894 1.3410667719498748
576 4608 10.5487360677197 0 56.87752825385702 -2.741750135856161 117.71451618219338 69.76123280986769 0.40118322806761075
577 4616 10.786540480680946 0 58.6198601150245 -1.170455355519664 124.67493476927328 68.86461246437872 2.0014765541462256
578 4624 8.791052559109408 0 45.70506550093841 -1.358196539846635 123.81689510311325 68.97285759087602 1.8098590376070183
579 4632 9.912088269534072 0 30.29494060085267 -2.8471268994596715 117.21700893454532 69.8215619772792 0.2941229613377878
580 4640 11.17261102210729 0 109.04656709072533 -2.772085975264022 117.52901692385755 69.77878492342421 0.3704868502450317
581 4648 14.081222032652738 0 97.17965177140316 -3.141592653589793 114.66251845033645 70.0 0.0
582 4656 17.82567674103047 0 30.271244456028395 -0.724399106044145 126.47260688619788 68.61594083665118 2.4534350483443776
583 4664 29.356518857254123 0 53.189973168681526 0.35697522242886337 131.01672906661386 68.00313766953228 3.5534285124280007
584 4672 31.13732808552646 0 107.23285161566542 -0.6474741726354528 126.63157452594565 68.5731307392056 2.532015593331786
585 4680 40.76455504410995 0 162.5934981615431 -3.141592653589793 110.21930002516152 70.0 0.0
586 4688 61.4822188206429 0 94.14408279965592 3.141592653589793 140.0 65.4538740971934 8.09613712564786
587 4696 111.53593061247888 0 57.81267858208319 -3.141592653589793 110.0 70.0 0.0
588 4704 229.6011513377258 0 50.6078665078671 -3.141592653589793 110.0 70.0 0.0
589 4712 315.54609122123117 0 92.75361849630508 0.16530164866025254 127.58343342117847 68.1111694966281 3.3678918028684164
590 4720 419.390469465663 0 166.5042435074664 -1.1109128319511148 124.50962736241505 68.74539365354912 2.109885263111138
591 4728 463.38521083703665 0 151.45146359003888 3.141592653589793 140.0 59.54396149980338 18.644651543665553
592 4736 482.58899923826425 0 209.4787303820191 3.141592653589793 140.0 61.79185080781183 14.66374459760609
593 4744 587.283958595482 0 122.88471255256448 -3.141592653589793 110.0 70.0 0.0
594 4752 515.7922642355074 0 44.668241115504486 3.141592653589793 140.0 63.3366403232751 11.884269720957395
595 4760 488.4166150115955 0 61.16362805650273 -3.141592653589793 110.0 70.0 0.0
596 4768 381.8388688845957 0 36.75527654580261 -3.141592653589793 110.0 70.0 0.0
597 4776 342.15426174286824 0 33.719482250097535 -3.141592653589793 110.0 70.0 0.0
598 4784 277.60338104151185 0 120.64705710331666 -3.141592653589793 110.0 70.0 0.0
599 4792 249.50275240361097 0 110.99195824583198 -3.141592653589793 110.0 70.0 0.0
600 4800 202.00843854707838 0 43.33238405445957 -3.141592653589793 110.0 70.0 0.0
601 4808 159.0442536706007 0 174.6667532090438 -3.141592653589793 110.0 70.0 0.0
602 4816 146.80383477474524 0 41.24831450912818 2.655025597723821 134.26342411494278 66.73019577784409 5.89356811319115
603 4824 145.60059260531696 0 111.95681562159832 -3.141592653589793 110.0 70.0 0.0
604 4832 130.43418156974744 0 141.97304357568055 -3.141592653589793 110.0 70.0 0.0
605 4840 113.34815273372723 0 79.52106711967758 -3.141592653589793 110.0 70.0 0.0
605 4840 113.34815273372723 0 79.52106711967758 -3.141592653589793 110.0 70.0 0.0
